gx     gy    gz     ax    ay    az
64876  161  64597  65338  14289  63033
64885  173  64582  65472  14418  62487
64870  165  64590  65098  14398  62797
64867  162  64573  405  15067  62973
64869  170  64578  1785  15252  62790
64866  183  64580  2157  15733  62801
64869  182  64572  2392  16552  63077
64878  181  64575  2350  17799  62982
64888  174  64582  2117  18159  61294
64879  180  64588  2138  19245  59291
64865  173  64592  2256  20091  59721
64877  175  64587  2296  20406  60401
64873  181  64589  1717  21949  60297
64877  169  64577  65231  23979  60198
64889  182  64584  64001  24819  61230
64867  185  64572  63619  23359  61514
64876  175  64580  63476  21527  61531
64885  191  64582  63449  19653  61251
64880  180  64580  63419  17747  61435
64875  163  64586  63414  15821  61742
64870  156  64579  62693  13895  61609
64887  176  64582  61972  12333  61168
64862  164  64581  61664  11790  62135
64891  167  64584  61201  12456  62703
64878  169  64596  60354  13171  63730
64874  163  64585  59712  13868  63831
64876  164  64581  59263  14700  63551
64885  170  64583  58737  16522  62153
64868  174  64577  58035  18012  61942
64876  172  64574  56815  19629  63403
64877  165  64586  55787  21279  64076
64874  168  64584  54824  23210  62064
64864  178  64582  54845  24594  60137
64875  174  64582  55906  24970  59517
64875  174  64584  57596  21562  59457
64880  167  64586  59246  18553  59838
64880  182  64579  60007  16913  59888
64895  168  64588  58917  17080  59903
64890  170  64581  58520  16780  59570
64879  167  64582  59114  16689  59272
64867  169  64579  59523  16133  59531
64872  169  64580  60508  15893  60066
64871  178  64584  61061  15119  59975
64884  180  64578  61388  13967  60643
64880  163  64578  62356  12981  62403
64871  164  64595  63930  13169  63017
64881  150  64582  65439  13656  65050
64870  171  64596  425  13972  65032
64886  161  64579  1229  14452  64314
64889  178  64578  1985  15156  63733
64891  166  64585  1804  16645  61581
64883  170  64572  172  19285  61990
64868  174  64590  64334  21531  63687
64877  176  64592  64032  21778  62982
64868  169  64587  65071  21924  61379
64877  173  64570  65453  22263  61640
64880  171  64583  264  22757  62302
64864  165  64579  63991  25588  59686
64875  170  64591  62803  27980  58792
64874  170  64584  63352  26722  58793
64866  161  64589  63707  25911  60194
64881  170  64589  63411  24823  59695
64879  175  64579  62529  25149  58676
64876  173  64585  61071  23777  57937
64864  177  64581  59596  22304  57274
64879  159  64579  59871  20542  58129
64884  159  64582  60496  19733  59088
64880  162  64576  60945  18995  60283
64878  167  64581  60394  17591  61422
64864  177  64572  59360  15218  60841
64874  162  64575  58945  12737  60979
64877  164  64577  58298  9801  62202
64871  172  64587  57782  7903  63199
64880  173  64585  56881  7556  63519
64874  163  64578  56078  8413  62365
64869  163  64571  56565  10389  61909
64881  163  64578  56455  12218  62269
64875  160  64582  56370  14789  62014
64863  168  64583  55944  16650  62359
64872  180  64575  55487  19203  63023
64874  171  64583  54762  22235  62922
64886  186  64582  53899  23950  63507
64866  169  64580  55335  22010  62885
64883  174  64585  57222  20096  59974
64867  167  64587  59160  18170  60077
64873  181  64575  59632  18408  60583
64885  167  64582  59847  19388  61067
64876  170  64585  61895  20124  61201
64878  171  64588  63953  20714  62224
64871  180  64580  64485  20709  63043
64874  167  64581  64358  19218  62711
64874  172  64585  63830  16235  62129
64875  166  64588  63660  14828  60350
64887  175  64581  65156  14717  59388
64873  173  64584  911  15045  60280
64877  163  64590  362  16404  61262
64862  166  64576  65398  18951  61287
64874  164  64587  387  20922  61047
64884  168  64572  1867  20870  60682
64871  177  64590  2266  20337  60452
64883  177  64569  2461  19927  60166
64875  164  64569  2109  19589  60021
64891  164  64591  1663  20668  59887
64873  160  64579  299  22194  59145
64871  166  64585  64531  22465  59264
64891  166  64579  63666  22070  58926
64887  176  64581  62750  21860  58693
64874  171  64580  61412  21492  57873
64872  162  64580  60815  21487  57165
64877  183  64586  59988  21768  57481
64874  166  64587  59781  21045  57215
64879  174  64584  59790  20179  57585
64886  168  64589  60019  19450  58719
64871  177  64591  59643  18130  59391
64874  179  64583  60141  17142  60011
64865  176  64579  60658  16368  59816
64874  175  64579  61029  15546  59834
64869  160  64571  60975  14810  60081
64899  174  64581  60355  14262  60538
64863  173  64587  60638  14602  60993
64871  160  64574  60294  15306  61450
64885  176  64584  58700  15932  61244
64868  171  64579  57456  15952  60798
64877  163  64591  56203  16814  61477
64865  182  64580  53994  17217  62534
64861  168  64583  53353  17186  63614
64872  169  64579  53290  18633  62728
64875  173  64580  52931  22058  60382
64883  165  64594  53600  20528  60564
64878  182  64578  53223  16794  60889
64873  167  64583  54725  13789  60753
64863  173  64578  56667  12930  61204
64884  165  64585  58688  14385  62512
64869  172  64582  59129  16534  63822
64873  174  64582  59306  17853  64546
64869  166  64595  59704  17984  64069
64883  167  64579  60694  17190  63004
64866  174  64579  61806  16986  61869
64877  169  64596  63541  16597  62551
64880  175  64586  64109  16086  63225
64873  171  64584  63387  14578  63663
64875  168  64591  63011  14233  63194
64872  166  64580  63913  14581  63074
64869  179  64578  64696  15113  63650
64883  168  64573  65009  15966  64446
64878  159  64579  65207  17440  64598
64878  175  64593  64998  18652  63404
64882  178  64585  64726  19732  63035
64897  160  64582  64181  20507  62631
64859  179  64572  63884  21218  62811
64882  156  64592  63843  21752  61643
64882  168  64582  63594  22219  61268
64879  180  64590  63787  21676  61585
64880  172  64577  63690  22326  61016
64870  167  64578  62184  24491  57736
64863  180  64581  60783  25116  56585
64871  170  64586  59958  24320  56560
64867  174  64590  60463  23104  57821
64876  176  64575  61177  22360  58719
64883  183  64578  60991  22064  59765
64878  173  64583  60603  22003  60299
64870  173  64581  60129  21563  59163
64855  184  64591  59729  20557  58984
64875  170  64581  59378  19944  59601
64865  171  64588  58927  19191  59923
64878  173  64586  59035  18331  60359
64872  156  64584  59167  17259  61102
64880  181  64585  58992  15729  61672
64862  172  64584  58538  14647  61261
64876  173  64587  58675  13817  61627
64874  153  64577  58666  12544  61573
64875  159  64581  58606  11899  62335
64874  177  64577  57463  12318  62956
64874  157  64574  55916  13358  62655
64873  178  64580  55319  13533  62763
64877  160  64578  55105  13562  62035
64887  160  64593  54946  14402  60930
64878  179  64582  54713  15872  60346
64873  167  64583  54119  16482  60289
64874  169  64579  53806  17298  61457
64884  173  64570  53116  19637  62366
64887  172  64580  54470  19922  63459
64879  162  64582  56355  19174  63397
64874  163  64581  58539  18209  63052
64868  167  64593  59877  18024  62123
64871  165  64580  59613  18068  62095
64877  165  64595  59624  18056  62599
64865  164  64578  60501  18339  62347
64875  167  64586  61342  17339  62235
64887  171  64597  62368  16757  62397
64866  183  64575  62361  15720  64000
64885  173  64591  62647  15576  65376
64868  170  64580  63496  16431  64772
64864  165  64591  65180  16467  64245
64859  167  64579  150  16575  63564
64871  181  64590  540  17037  63992
64885  166  64588  686  17862  63351
64876  164  64584  788  18738  62831
64875  162  64585  810  19636  62986
64873  162  64585  300  20311  63147
64857  174  64588  65535  20076  62729
64867  178  64580  64975  19548  61963
64863  169  64581  64950  19325  60891
64875  167  64574  65051  19416  60537
64867  179  64576  63855  21892  58889
64895  170  64590  62276  24368  57581
64873  164  64573  61411  24482  57635
64884  170  64584  60961  24296  57888
64894  167  64591  60815  23093  58674
64889  178  64583  60918  22329  58807
64869  161  64571  60574  22743  58667
64880  166  64593  59845  22602  59000
64878  165  64590  59239  21498  59595
64884  173  64576  58860  20820  59577
64881  180  64583  58730  19937  59593
64868  169  64586  58752  19016  60392
64880  158  64588  58829  17603  60817
64879  172  64587  58637  16105  61364
64867  170  64590  58640  14699  61453
64886  168  64578  58478  13239  61564
64882  168  64585  58180  11590  62259
64881  169  64576  57790  9383  62305
64866  168  64579  55751  6858  61694
64875  166  64589  53458  7163  60897
64880  163  64579  52301  10204  59692
64879  164  64584  52784  13850  60538
64871  166  64583  54060  17973  59880
64873  174  64580  55552  20142  60792
64873  167  64585  56187  20295  61506
64865  173  64569  54833  19803  62421
64869  173  64579  52409  21487  61864
64862  193  64574  52135  20785  61338
64871  162  64580  53633  19399  59682
64863  167  64584  56053  17742  58939
64863  179  64588  58216  16681  59516
64875  179  64573  58933  17335  60262
64877  176  64579  59209  17768  61023
64875  177  64579  59827  17619  61297
64883  171  64585  60880  17812  61086
64865  180  64586  61946  17316  61791
64885  161  64582  63023  16406  61295
64884  167  64586  62469  15108  61294
64878  184  64588  62752  13690  61336
64856  152  64585  63958  13473  60822
64877  160  64581  64852  13232  61002
64876  163  64581  15  14097  61891
64886  163  64582  65266  16167  64070
64858  160  64585  65510  17036  64196
64876  167  64584  1033  16157  63062
64875  166  64583  1632  16251  62599
64879  171  64594  683  18108  63273
64880  160  64580  64993  20192  63132
64887  170  64582  63822  22261  62941
64879  153  64588  63570  22605  62808
64882  157  64589  63355  21702  61761
64868  159  64580  63103  20805  59550
64881  161  64591  62004  22950  58544
64860  166  64578  60889  25157  57975
64882  176  64589  59595  24919  57507
64886  171  64587  59017  24656  57217
64886  162  64575  59179  23619  58114
64875  164  64583  60479  22427  59469
64881  180  64582  60732  21856  60465
64867  163  64580  60560  21778  60960
64880  171  64579  59734  21417  60170
64883  170  64578  58558  20568  59189
64874  169  64584  59015  19259  58966
64884  175  64581  59759  17913  59163
64882  172  64592  60170  16757  59541
64882  175  64573  60254  15735  59695
64859  173  64583  59592  13852  58887
64867  172  64585  58865  11484  57048
64875  175  64580  58620  8738  56532
64896  175  64584  58353  8561  56662
64872  187  64587  58346  10127  57915
64874  175  64579  58686  11685  60031
64867  169  64583  57083  12317  61162
64870  182  64579  54853  11447  62014
64877  167  64580  52607  11964  62994
64870  180  64591  52280  13850  64480
64874  179  64588  52978  16668  64812
64872  171  64576  53991  18983  63344
64888  172  64590  53959  20926  61889
64879  173  64588  53036  22062  60883
64877  171  64580  53752  19825  59446
64894  161  64591  55641  17750  58172
64874  169  64579  57944  16431  58620
64876  163  64590  58514  16121  58485
64876  155  64586  58305  16150  59071
64876  166  64586  58135  17090  61180
64875  175  64583  58302  17421  61333
64877  163  64579  59622  18573  60529
64873  170  64567  62634  17948  60202
64885  174  64582  63622  17174  60276
64873  166  64574  63437  15767  61325
64878  167  64577  63694  15166  62408
64883  176  64589  64034  15321  61787
64879  175  64581  457  16511  62678
64873  161  64576  1695  17240  63252
64874  160  64587  1629  17606  63340
64886  159  64584  746  18632  61504
64872  168  64585  16  19742  58736
64888  179  64577  518  19743  55072
64866  165  64574  791  17855  56881
64860  173  64587  886  16754  59055
64889  166  64589  65142  17264  60894
64874  173  64577  63962  18758  61766
64871  167  64573  63269  20074  59271
64878  172  64590  61798  22355  55667
64868  160  64582  60476  23501  54261
64870  185  64580  59501  22634  53016
64882  158  64581  60503  20951  52952
64874  172  64583  61252  20352  53716
64900  180  64587  60816  20243  53200
64873  168  64581  60376  20349  53130
64871  183  64576  59601  20522  52807
64867  171  64575  58930  19590  54489
64865  169  64582  59334  18699  56265
64869  160  64589  59483  18478  56504
64881  169  64583  60058  17661  57340
64873  155  64581  59748  16470  58447
64876  169  64585  59109  14795  59212
64865  160  64581  58118  13327  59440
64873  169  64574  57418  12285  59649
64884  171  64578  57183  11230  60206
64886  161  64580  57606  11479  60647
64882  175  64583  56830  11976  61163
64881  155  64583  55838  12422  61274
64872  151  64581  55395  12099  61525
64887  179  64588  54838  12845  60583
64874  178  64582  54707  15276  59583
64875  153  64584  55137  16696  60144
64871  180  64582  54818  17178  61389
64874  182  64585  53869  18784  60340
64868  160  64585  54001  18821  59488
64881  165  64583  55178  18210  59812
64897  175  64588  56761  17651  61181
64872  171  64576  58162  17730  61553
64884  173  64588  59399  17929  60521
64868  162  64575  59471  18155  59791
64882  168  64578  59640  18266  59396
64873  182  64580  60205  18114  59850
64892  173  64582  60517  17749  59905
64873  173  64588  61032  17597  60456
64882  173  64581  61739  17354  61202
64876  174  64580  62594  16603  62607
64872  169  64581  63213  15888  63550
64888  174  64576  62896  15012  63974
64884  172  64570  63179  15045  62911
64861  167  64574  64361  14493  61003
64873  169  64578  65114  14578  62136
64875  175  64577  65167  15731  62162
64865  173  64582  1227  17394  60563
64889  167  64577  1402  18657  58921
64867  164  64588  1034  18420  60464
64874  177  64583  134  17946  59215
64877  163  64582  64990  17746  58193
64870  177  64588  65083  16744  57654
64878  176  64584  85  16863  56472
64878  177  64592  64597  18248  55306
64880  162  64590  61513  22476  53508
64888  177  64585  59647  24819  53297
64882  164  64581  59117  22771  53734
64873  165  64580  60837  20821  53888
64879  174  64599  62052  20223  55460
64868  171  64585  61994  21575  56634
64873  169  64580  60981  22403  56952
64861  166  64593  59886  21900  56732
64872  171  64587  59118  20493  55646
64885  160  64574  58429  19712  55138
64881  161  64580  58283  19360  55356
64859  175  64581  57763  18377  56015
64884  170  64574  57120  17109  57289
64880  162  64574  57263  15783  57972
64872  166  64570  58056  14506  58316
64870  173  64579  59374  13662  58669
64871  175  64585  60545  13406  59833
64881  174  64581  60555  12933  60982
64884  167  64585  60326  12767  61384
64870  172  64578  59933  12336  61047
64882  181  64569  59579  12201  60879
64883  173  64583  60089  12626  60835
64876  179  64579  59690  13792  60664
64886  180  64584  59539  14806  61485
64874  171  64576  59005  16130  61958
64880  176  64570  58610  16632  61895
64876  164  64560  56546  18118  64708
64886  172  64581  56455  21327  428
64875  175  64581  58880  21864  764
64879  181  64570  60400  19362  65181
64880  164  64583  60427  17587  61888
64881  167  64571  59694  17173  60868
64883  174  64580  59746  16887  60037
64879  169  64577  60943  17249  59484
64868  160  64572  62096  18314  59955
64875  157  64592  62544  19177  59884
64891  163  64586  62523  18204  60217
64881  172  64578  62101  16862  60273
64876  162  64584  61748  15498  59171
64880  164  64573  62950  15447  58157
64874  162  64577  64347  14369  58046
64893  170  64576  64049  13780  60004
64873  172  64576  64158  13148  61459
64875  161  64571  63329  12818  61764
64875  175  64572  63011  12673  61051
64888  176  64575  64764  13439  60141
64881  170  64581  65465  14329  61577
64875  166  64588  65074  15713  63736
64877  170  64572  63981  17225  63884
64882  174  64581  63411  17653  61643
64875  160  64584  64092  17805  59026
64861  172  64581  63970  17361  56802
64881  175  64578  63554  17254  57067
64879  168  64576  62512  17112  58697
64872  168  64582  61526  16964  60423
64871  177  64579  60794  17007  60845
64891  175  64590  60122  16964  60185
64872  167  64584  59306  16960  58150
64871  180  64578  59024  16600  57458
64877  169  64585  59474  15661  58019
64885  171  64586  59222  16927  57205
64881  165  64586  58032  18304  55814
64874  161  64570  57923  18839  55770
64867  187  64577  56716  20409  54471
64883  180  64576  55895  21654  52312
64877  172  64586  55932  19949  53507
64873  189  64575  56137  18902  53962
64873  174  64580  57101  19629  53579
64872  169  64572  58509  20045  53254
64895  172  64580  59796  19588  53047
64880  180  64570  60378  19303  53389
64881  175  64591  60573  18429  53598
64883  164  64581  60452  17957  52970
64881  157  64582  60238  16922  52959
64876  167  64582  60301  16223  52849
64867  162  64582  60542  15372  52908
64890  168  64589  59784  14680  53769
64871  170  64585  58856  14542  55056
64884  154  64581  57844  14971  55084
64881  175  64570  57424  14974  55612
64870  167  64586  56598  15275  55510
64887  165  64591  56288  15633  55475
64872  158  64577  55961  14803  56085
64872  157  64585  55604  14120  58875
64883  174  64580  54335  14557  59402
64866  166  64581  53572  14966  58672
64872  163  64580  53153  16092  58947
64880  180  64578  52441  17541  59526
64883  170  64578  54048  15383  59890
64881  169  64577  56174  12944  61927
64879  179  64585  57517  11032  64493
64877  174  64581  57517  13567  64178
64888  188  64585  58070  15537  62727
64894  184  64572  57392  17072  62959
64879  175  64573  56769  18622  63003
64865  178  64578  57305  19269  63156
64884  175  64574  58740  19062  63551
64881  170  64569  60167  18642  64520
64877  181  64591  60442  18133  65490
64869  179  64586  60969  18479  324
64873  168  64589  62166  19183  59
64878  173  64580  62067  19792  65337
64877  159  64577  62366  20131  65106
64893  173  64581  63099  20032  64744
64886  164  64582  63689  19622  63729
64884  164  64583  63927  19009  62149
64874  175  64577  64139  18615  61274
64865  177  64582  63554  18056  60543
64877  176  64594  62800  17110  59098
64874  176  64584  62850  16866  57291
64891  158  64580  62780  16441  56164
64866  165  64580  62203  16475  55022
64882  163  64581  61029  18989  53070
64875  173  64584  59094  21901  51228
64866  163  64586  58678  21460  51011
64878  180  64574  58975  20555  53335
64868  159  64586  59162  20773  53927
64869  166  64579  58963  21543  53457
64882  170  64590  58270  21233  53298
64878  184  64577  57115  20751  53768
64874  164  64584  56853  20745  54221
64878  170  64580  56426  21035  54099
64887  175  64581  56263  20846  54842
64883  181  64587  55829  20894  54800
64872  180  64583  55312  19415  55028
64872  166  64579  54707  17890  55485
64879  164  64584  54694  16013  56498
64877  178  64583  54939  14387  57424
64868  165  64576  54962  12593  58480
64872  166  64587  54942  11551  60039
64881  172  64581  54724  10925  60958
64875  162  64578  53344  10614  61733
64873  178  64572  53410  10788  62485
64885  163  64585  54020  11001  62784
64871  168  64578  54252  12032  62948
64865  179  64582  54223  14482  61967
64884  175  64581  54181  16849  61937
64874  163  64592  53678  18132  61987
64875  172  64594  53722  19648  61505
64889  180  64586  53649  20520  60998
64874  178  64580  54119  19524  60439
64888  182  64584  55075  18545  60448
64866  162  64577  56902  17048  61378
64867  178  64582  58479  16988  61608
64882  165  64577  59153  17710  61057
64882  169  64570  59091  18269  60977
64876  177  64580  59245  18595  61765
64879  163  64579  59381  18680  61921
64875  149  64570  59568  17714  60713
64863  169  64594  60810  17048  59330
64880  174  64590  61410  16884  59599
64878  160  64581  61732  16607  60743
64877  169  64574  62339  16635  62142
64888  169  64579  62685  16696  62756
64881  166  64572  62849  17427  62111
64878  155  64582  63846  17446  61457
64860  165  64575  64413  17348  61640
64870  168  64575  63768  16993  62197
64867  170  64573  62913  17469  62879
64876  170  64579  62363  17994  62125
64877  168  64579  62916  18183  60771
64882  176  64571  63247  18527  60474
64883  180  64578  63025  19130  60443
64875  179  64584  62728  19344  60204
64884  187  64584  62215  21223  58604
64878  167  64578  62002  23321  56818
64884  172  64574  61374  23817  55891
64881  171  64581  59905  24572  54996
64888  158  64567  58243  25403  54718
64881  174  64577  58041  23790  56279
64880  177  64584  58312  22236  56889
64883  179  64583  59223  22473  57548
64871  180  64574  59014  23578  58679
64869  168  64580  58241  23880  58454
64873  175  64575  56973  23252  57836
64879  156  64580  56020  21451  58091
64875  165  64572  55410  20240  57702
64891  167  64594  56237  18425  58475
64877  170  64593  57007  17545  58640
64865  163  64583  58225  16547  60485
64876  165  64594  58622  14988  61528
64882  172  64579  58070  13461  61146
64868  168  64592  57932  11980  60371
64884  166  64574  58253  10798  58666
64884  165  64588  58073  10470  59241
64864  161  64576  57588  10651  61130
64877  169  64592  56079  10553  62262
64880  180  64585  53966  10327  62185
64881  180  64585  52407  10934  61518
64884  173  64576  51993  12110  61628
64869  166  64569  53682  14971  61704
64873  162  64580  53903  17826  62124
64869  169  64587  52827  20139  62095
64881  165  64580  52536  20741  60799
64872  169  64578  53321  20988  60738
64887  183  64583  55113  20355  61189
64879  175  64576  57997  21525  61330
64883  169  64582  59275  21664  61076
64890  178  64582  58882  20237  61166
64869  164  64581  58207  19018  60132
64886  168  64578  57372  18763  58083
64868  169  64577  59470  19742  57368
64882  177  64593  61465  18963  57363
64873  165  64581  63460  17935  58250
64868  170  64578  62519  17204  60852
64871  161  64582  61301  16582  61546
64891  171  64592  61482  16262  62246
64882  171  64587  62734  16488  63009
64876  164  64586  63181  17266  64682
64884  170  64584  63617  16668  64196
64888  167  64589  64197  15992  62393
64871  167  64581  63593  17383  63342
64867  168  64596  62298  18720  63867
64872  163  64575  63276  20271  62984
64883  174  64583  65003  20691  62656
64888  183  64579  376  20518  61320
64890  178  64590  64218  21869  59677
64884  162  64587  60853  24547  59700
64877  167  64585  58531  27160  58549
64877  173  64592  58818  26374  56111
64885  160  64599  60003  25190  53875
64873  158  64585  59437  22376  56625
64877  164  64586  58256  22235  58222
64890  166  64589  57613  22544  57826
64877  173  64578  57138  23109  57032
64857  178  64590  57179  22710  56084
64874  186  64587  57252  21572  55363
64891  156  64581  57670  21061  54776
64888  177  64592  58399  20602  54525
64881  175  64579  57981  20271  54256
64871  167  64585  57548  18820  55765
64887  183  64586  56930  17108  57371
64875  169  64577  56574  14872  58262
64870  182  64583  56608  12244  58584
64874  176  64582  56561  9885  59731
64867  160  64582  55847  7804  60766
64875  178  64581  55505  6972  61241
64889  167  64569  54603  7674  60121
64868  178  64579  53612  8814  59228
64881  175  64584  53290  9247  60017
64872  172  64576  52783  10336  60948
64875  174  64568  52355  11739  60522
64905  180  64577  51422  15123  58981
64883  165  64581  51252  17577  58306
64876  181  64579  52723  18332  58493
64881  171  64595  54018  18279  58243
64880  156  64574  55948  18193  58294
64866  165  64583  56879  19389  59270
64882  170  64586  57041  19515  60283
64879  166  64588  56434  19256  60876
64879  170  64584  56304  19968  59852
64874  169  64590  57596  20574  59065
64867  180  64584  58890  20040  59142
64869  176  64581  60631  19238  59085
64880  170  64583  61463  18731  60626
64876  172  64588  61781  18059  61692
64871  156  64585  61935  17433  62826
64871  180  64583  62743  17791  60473
64868  161  64576  63381  17197  62062
64868  173  64578  63777  16825  60537
64873  166  64580  63501  17599  59238
64882  177  64581  62462  17074  59678
64894  167  64586  62281  17254  59530
64891  175  64577  62299  17645  59732
64885  168  64586  62473  17966  59529
64866  170  64582  62084  18847  59038
64873  169  64570  62620  18885  58930
64894  175  64579  62646  19442  57860
64870  161  64575  61463  21691  56354
64872  169  64581  60056  22408  55399
64875  178  64582  58860  22478  53889
64870  179  64586  58061  21424  54519
64874  166  64582  58240  19607  56780
64881  179  64574  58728  19240  58407
64874  183  64582  58213  19998  58550
64889  173  64581  58515  20782  58233
64876  185  64584  59019  21172  57571
64876  184  64577  58228  20965  57613
64894  171  64588  57151  20897  56955
64855  171  64571  56261  20921  56840
64880  170  64572  55710  20848  57164
64876  171  64577  56130  18877  58102
64877  163  64579  56489  16791  57953
64871  184  64582  56798  14764  58000
64887  165  64576  56846  13803  58897
64872  159  64574  56520  12883  60586
64877  190  64580  56191  11946  61393
64893  176  64571  56303  11451  60489
64879  169  64589  56389  10900  59658
64862  159  64577  55945  11074  60261
64877  161  64584  55425  11049  61441
64868  164  64581  54768  11601  61322
64884  165  64584  54773  11952  60789
64879  162  64582  54650  13472  60086
64877  167  64594  54497  15425  60055
64873  156  64588  54350  17487  61765
64880  160  64581  53821  18808  63467
64875  182  64580  54014  18492  62091
64873  168  64597  53220  19148  59519
64877  163  64584  53640  18892  58311
64874  171  64590  54669  18581  58406
64860  179  64571  56089  18582  58850
64879  176  64590  57167  19814  58570
64880  171  64593  57649  20109  58933
64885  176  64577  57530  20398  60139
64873  179  64581  57879  20117  60886
64870  167  64593  58588  19057  59794
64865  184  64585  59983  18123  58741
64874  182  64579  61336  18158  58726
64863  177  64584  62230  18038  59458
64888  174  64573  63040  17786  60522
64871  174  64579  62774  17362  62027
64882  173  64585  63347  16910  62724
64883  173  64578  64228  16564  62795
64876  173  64590  65055  16039  62426
64887  175  64576  64199  16206  61487
64876  176  64574  64180  16530  61342
64885  179  64588  64049  16400  61260
64864  159  64589  63420  16489  61387
64864  161  64571  62379  16443  60210
64885  177  64577  61756  16296  59066
64877  159  64584  61129  17609  57875
64875  164  64578  60199  20930  56932
64881  167  64583  59143  24059  57142
64872  165  64582  57484  25787  56366
64870  162  64588  56619  25744  56641
64869  167  64582  56685  24734  56934
64868  182  64595  56803  23495  57078
64871  145  64581  56408  24722  57455
64880  168  64574  55990  27470  58694
64870  167  64575  55138  26840  58536
64866  154  64579  54619  25594  56836
64860  180  64568  54819  25050  56228
64883  169  64578  54945  23906  58972
64886  167  64585  55230  21508  61048
64872  164  64578  55419  18615  60814
64876  172  64569  55638  15455  60337
64869  169  64567  56380  13092  59907
64874  172  64577  57601  11269  60784
64872  164  64579  58191  10414  61712
64883  173  64578  58162  9997  62004
64870  181  64587  57234  9843  61562
64873  175  64580  56114  9879  61190
64860  170  64591  55497  10197  61125
64865  169  64572  54671  11486  61933
64877  174  64572  53650  13631  62239
64882  172  64587  53220  15099  63120
64896  174  64582  53494  15938  63426
64887  166  64584  53366  18255  62464
64873  170  64583  53081  20152  61910
64870  168  64588  53928  21059  61799
64873  180  64583  54797  21240  61780
64866  170  64589  56487  19970  62718
64880  169  64580  57824  19386  62107
64887  182  64581  58592  19441  61306
64892  175  64585  59302  19158  60580
64886  157  64594  59301  18852  60362
64879  173  64582  59723  18393  60852
64868  172  64591  59770  18756  61385
64885  165  64591  60578  18240  61277
64865  165  64587  60687  17930  60472
64879  173  64583  61045  17318  60190
64870  167  64580  62491  17377  60798
64876  177  64582  63141  17548  61665
64862  180  64579  62705  17627  61758
64877  160  64573  63462  18458  61418
64880  173  64589  63680  19929  62528
64863  163  64582  63464  21420  64482
64879  164  64585  63315  21535  64091
64870  164  64588  63848  20608  60765
64876  171  64584  64434  19151  58392
64888  164  64574  65142  18581  57151
64886  172  64578  64902  18778  57985
64882  168  64582  64320  20388  58821
64888  167  64577  62754  23271  57349
64882  177  64584  61540  23939  56919
64882  172  64574  60498  22725  56935
64880  167  64574  59329  21419  57006
64860  173  64582  59583  21650  57025
64879  168  64568  59937  22710  57425
64876  184  64581  59624  23768  58166
64882  157  64587  59465  23880  58289
64870  171  64570  59406  23828  58148
64888  183  64582  58118  23893  58372
64875  158  64579  57806  23588  58028
64864  180  64589  57711  22274  57858
64874  186  64579  57081  20568  57849
64872  170  64580  56975  18870  57338
64883  178  64587  57140  16815  56998
64881  176  64581  57082  15077  57867
64879  158  64590  56771  13921  58771
64884  161  64574  55972  13343  59444
64885  173  64573  55402  13077  60122
64876  170  64576  54512  12633  60310
64882  173  64577  54266  11177  60592
64879  166  64575  53718  10273  61486
64870  165  64579  52604  10762  62161
64882  170  64577  51571  11674  62957
64874  157  64573  51036  12718  63053
64885  172  64580  51662  15436  62249
64880  183  64581  52699  19062  62169
64881  165  64581  53309  21722  62765
64869  172  64577  54291  21028  63098
64876  163  64584  56117  18967  61717
64874  166  64582  57786  17836  61247
64870  160  64579  58817  18966  61501
64878  180  64581  59007  19319  61679
64874  167  64587  59680  19500  61806
64885  170  64590  59696  19612  62765
64874  168  64584  59034  20099  61752
64898  171  64579  58178  19552  60859
64876  158  64577  58273  18759  59505
64884  170  64576  58776  18507  60717
64888  158  64581  60155  18083  61662
64882  160  64565  61303  17864  61123
64884  181  64580  61712  17971  61077
64892  177  64587  61658  17750  60620
64879  171  64578  62293  18246  60329
64885  165  64580  63740  20083  62141
64891  177  64582  64251  22546  65372
64876  173  64580  64470  22371  65070
64873  155  64579  62751  20611  63039
64873  161  64582  61949  19313  60756
64879  158  64582  60977  18848  59289
64890  168  64579  61310  18902  58934
64870  170  64571  62203  18744  59121
64877  167  64577  63110  18420  60109
64876  166  64575  63010  18528  60744
64886  181  64585  61478  20127  57910
64879  166  64575  59996  21309  56375
64884  169  64574  58956  20949  55836
64870  172  64580  58723  20592  55828
64876  176  64581  58605  20921  56160
64885  167  64584  57773  21076  55866
64873  175  64582  57116  21146  55532
64877  176  64580  56760  20491  54929
64875  164  64582  56336  20251  53635
64873  168  64576  55926  20336  52565
64874  159  64583  55541  21318  51575
64880  162  64586  55282  20619  50953
64891  170  64592  55697  19302  51544
64864  163  64567  56035  17728  52454
64879  174  64576  56742  16836  53559
64881  179  64574  57250  15464  54609
64868  162  64582  57520  13628  55622
64878  173  64578  58001  12257  56550
64888  170  64572  57995  11164  56899
64870  178  64595  58270  11056  57650
64871  180  64586  58313  12095  57817
64877  178  64574  58477  12916  58142
64863  178  64579  59312  13016  59053
64865  181  64595  59615  12766  59492
64880  186  64576  59184  12750  58963
64869  161  64572  58640  12567  58576
64882  171  64575  58551  12129  59233
64881  172  64580  58290  12005  60065
64877  175  64582  57688  12522  61041
64878  174  64581  56847  12518  61542
64862  170  64579  57444  12806  60918
64885  169  64585  56859  13073  60596
64878  166  64576  56778  14546  60694
64887  168  64571  56078  16377  61617
64884  176  64586  56193  15979  62539
64871  169  64585  57445  15134  61916
64888  156  64584  58428  14536  62023
64886  175  64580  56682  15891  62212
64872  169  64575  56696  19673  59789
64880  166  64578  56357  24729  57927
64897  163  64577  56988  27508  61856
64851  162  64575  58648  28139  64788
64861  176  64581  61013  26464  65351
64885  189  64590  63547  23580  64706
64871  161  64594  63311  20839  62952
64885  167  64589  62252  18790  61611
64873  166  64586  62171  18876  61556
64846  158  64588  63355  18597  63490
64874  179  64577  62916  18052  64015
64880  178  64578  62571  18113  63428
64881  168  64583  62850  18058  63282
64866  163  64581  62078  17016  61738
64885  172  64578  62403  16514  60567
64878  164  64581  62229  16185  59736
64877  175  64578  62355  15467  59502
64889  174  64587  62844  14573  59107
64865  173  64578  62768  13866  58664
64877  163  64581  62647  13648  57893
64873  168  64590  62164  13775  56854
64865  175  64577  61110  15263  55676
64864  182  64587  60970  15752  54357
64879  168  64586  59856  16386  52986
64880  170  64578  59101  18675  50617
64869  162  64583  58470  22218  47427
64882  164  64580  57983  22365  47136
64878  180  64586  57698  21375  48358
64859  166  64592  58724  20824  47874
64874  170  64589  60331  20613  47554
64889  174  64577  58753  22831  51317
64903  171  64593  57058  23147  50441
64891  168  64588  56238  22425  49446
64885  168  64579  55880  21247  48942
64876  179  64585  56652  20329  49748
64880  169  64574  56847  19360  52115
64885  178  64571  57060  18907  53987
64880  170  64585  56648  18457  55594
64877  162  64577  56562  17406  56219
64873  164  64559  56348  15606  55948
64874  170  64584  56407  13846  55685
64868  166  64579  55974  13458  57425
64875  165  64570  55581  12863  59740
64872  160  64571  54896  14765  59716
64882  160  64576  54588  15623  60093
64876  166  64567  53154  14684  61923
64874  178  64575  52792  14574  61828
64883  176  64582  52973  15707  60648
64870  175  64585  53143  18069  60167
64867  169  64570  52806  20516  60162
64884  182  64572  52856  19392  59856
64866  162  64576  53703  16974  59027
64879  168  64576  55581  15404  59738
64881  173  64566  57107  16686  61323
64883  173  64565  58586  18839  61417
64872  171  64575  58847  20244  62421
64876  160  64578  58799  20382  63487
64888  164  64579  58978  19771  64088
64872  163  64572  58304  19161  62918
64885  167  64580  59781  18763  60947
64864  170  64582  62515  18068  61232
64888  177  64578  62949  17000  62702
64873  171  64563  62467  16810  62755
64873  177  64576  62613  16659  63264
64878  165  64571  63204  16396  63101
64886  176  64583  64009  16009  62822
64879  168  64581  64892  16889  63399
64872  156  64570  64483  17602  63365
64874  177  64568  64060  18646  61611
64886  161  64580  63594  19494  58640
64878  154  64587  63699  18472  56290
64886  166  64587  64391  16748  55595
64881  168  64586  65074  16666  56373
64877  171  64589  64648  19818  55975
64871  164  64583  61972  23573  54425
64864  162  64567  60436  23617  54318
64861  164  64592  59504  21688  54456
64891  169  64584  58904  21192  53781
64866  161  64582  57965  21795  53792
64883  171  64582  57427  23231  53845
64873  174  64585  57483  23179  54787
64870  167  64572  57698  21889  55872
64875  176  64592  58058  20476  55907
64866  172  64586  59080  20130  54918
64885  174  64591  59021  20987  54065
64880  173  64605  58598  20441  55349
64880  177  64586  57587  18799  56584
64873  159  64584  56757  16929  56859
64875  182  64582  55913  14354  57351
64885  172  64587  55364  11701  59987
64888  177  64584  54767  9941  61582
64873  176  64576  53897  9703  62008
64869  168  64567  53418  10727  61476
64871  178  64579  53024  12058  61088
64876  166  64586  52828  12759  61260
64893  167  64579  52247  13499  61653
64878  173  64596  52173  15109  61550
64869  168  64586  52971  17923  62284
64860  162  64588  51908  19872  63125
64882  173  64585  52401  17895  62900
64876  168  64596  53544  17256  62075
64875  165  64582  55745  16462  61593
64880  168  64588  57194  16943  61465
64884  168  64586  57764  18234  61588
64889  166  64574  57232  20084  61809
64878  181  64581  56770  21655  62749
64886  176  64576  57164  23201  62757
64858  164  64591  58355  22783  61442
64893  176  64578  60813  21989  59741
64876  155  64592  62031  20343  59771
64871  161  64588  62245  18714  59660
64875  160  64575  62377  17673  60855
64878  179  64591  63000  17240  60516
64880  168  64585  63593  16921  60179
64863  174  64590  128  16436  60267
64885  165  64584  377  15944  61424
64885  167  64585  65242  15707  62507
64866  170  64577  64406  16240  61044
64881  173  64575  64487  16969  59264
64881  169  64581  64563  17684  58052
64894  161  64591  63902  18817  58365
64885  163  64577  63048  19693  58812
64888  179  64585  62799  20343  59180
64871  181  64586  62810  21210  58031
64891  174  64591  61968  23214  55341
64875  185  64586  60265  24945  54716
64884  171  64591  59193  24725  55160
64879  172  64587  58557  23899  56081
64884  172  64593  58605  22787  57693
64883  173  64585  57859  22146  57707
64888  178  64584  56415  22266  57285
64874  167  64594  56642  23060  57398
64875  180  64588  55511  22746  58603
64889  163  64593  55492  22147  59449
64873  179  64585  55300  21256  59355
64886  189  64579  55857  19730  59469
64879  168  64578  56461  18006  59710
64874  173  64585  56836  16245  59750
64868  157  64581  57557  14714  60246
64865  176  64574  57557  13332  60924
64871  168  64575  57941  11966  60865
64883  178  64591  58058  11052  60851
64874  161  64585  57975  10601  61182
64864  175  64582  57646  10697  61638
64875  157  64583  57179  10760  61704
64887  171  64570  56489  11052  60829
64861  174  64579  55946  11311  60813
64873  162  64576  55156  12208  60630
64895  168  64585  54499  13406  60700
64877  173  64576  53856  15294  60334
64893  183  64584  54863  16816  60006
64882  166  64580  55407  18198  60211
64864  169  64580  54252  21269  60108
64878  170  64576  53534  20982  61129
64874  174  64570  53857  20512  60655
64869  167  64568  55264  20554  59471
64879  177  64567  57189  20176  59390
64870  169  64577  58558  19682  59571
64870  179  64566  58794  19790  59591
64883  175  64576  58546  19503  59514
64869  166  64576  58664  18517  60152
64878  174  64580  60031  18309  60082
64882  165  64573  61173  17807  61282
64873  181  64573  61672  16936  62012
64867  173  64583  61802  16553  62591
64881  166  64587  62350  16340  62024
64870  169  64579  62984  15835  61114
64866  174  64582  63537  16355  62176
64880  169  64564  63200  15502  61867
64884  176  64587  64124  15429  60792
64882  177  64585  63403  16521  59691
64880  164  64583  62546  16555  60262
64874  168  64585  62623  16894  61681
64869  175  64586  62602  17716  61422
64892  181  64586  62038  18602  62453
64892  177  64577  61698  19751  62826
64863  171  64579  62328  19608  62405
64879  168  64583  62501  19369  61661
64881  161  64576  61922  19214  61297
64879  169  64578  61435  20069  60744
64876  162  64581  60086  22891  61521
64866  177  64583  58382  25197  61239
64878  174  64584  57279  25939  58142
64887  165  64578  55734  27195  54939
64880  172  64577  54491  28120  54326
64886  179  64578  56391  24029  55937
64874  163  64568  58868  21695  56525
64862  166  64573  57869  22587  57628
64868  168  64580  56021  22518  57857
64867  160  64586  55087  20874  57234
64867  155  64580  56073  18757  57357
64876  164  64593  56858  17097  57278
64868  174  64575  58063  16055  57927
64878  184  64576  58680  15969  59202
64873  163  64580  58454  15925  60552
64873  168  64584  58897  15456  60764
64867  176  64579  60201  14448  60609
64874  178  64582  60547  13264  60396
64886  179  64576  60582  12279  59477
64872  170  64586  60392  11258  59153
64877  171  64581  59974  10112  59013
64884  170  64567  59754  8972  59559
64886  159  64579  59204  8322  60230
64889  181  64573  58793  8134  61977
64875  174  64581  58868  8486  63056
64866  164  64579  58396  8862  63926
64896  167  64580  58138  9574  63098
64868  169  64588  57380  12236  63471
64885  174  64570  56659  14698  64764
64872  166  64582  56763  17251  375
64872  170  64577  56872  19563  65359
64887  177  64584  56972  21144  64794
64882  173  64587  56412  22228  63185
64885  168  64591  54752  24756  61624
64864  172  64581  53942  26105  60670
64871  177  64582  54466  26821  58749
64871  170  64587  55833  27333  56819
64894  175  64566  57064  27104  56123
64861  154  64582  58112  26210  58180
64871  166  64583  59015  24200  60264
64870  168  64594  61095  22659  58795
64869  175  64583  62338  21251  57445
64884  165  64589  62748  19487  57774
64850  166  64575  61993  18202  59535
64893  170  64575  61533  17623  60176
64886  164  64579  62622  16926  60334
64880  166  64596  63894  16560  60845
64884  176  64578  64233  15125  61840
64880  159  64592  63497  14860  63213
64864  165  64578  63269  14829  63351
64871  177  64581  64967  14779  63589
64880  177  64579  929  14526  65417
64882  157  64579  678  14704  3157
64864  171  64584  455  15676  1918
64874  166  64590  65455  15860  63263
64860  165  64581  64923  15777  60280
64883  177  64579  63838  15762  58382
64882  177  64575  63151  17084  56944
64876  174  64587  63154  18374  59190
64882  170  64569  63207  19554  60477
64872  171  64581  62809  20724  60427
64878  174  64574  60931  22887  57437
64875  165  64583  58296  23952  55285
64871  162  64579  56498  24683  54806
64870  168  64587  55639  26329  54658
64899  175  64589  55543  24888  58519
64873  160  64592  56770  22932  59152
64891  187  64593  57158  22363  58827
64875  174  64572  57185  21911  58140
64891  173  64580  57253  21597  57515
64876  167  64576  56090  21650  58774
64866  162  64579  56078  20450  59465
64881  168  64592  56437  18498  58415
64869  168  64588  57488  16859  57759
64886  161  64592  57772  15021  57867
64869  166  64580  58014  14262  59050
64874  171  64585  57952  12577  59852
64878  168  64585  57664  9795  60730
64879  176  64580  57039  7492  61332
64873  158  64581  55810  7208  61469
64870  172  64577  54988  8272  61995
64868  162  64579  54786  9851  61901
64867  175  64585  54665  11507  61161
64860  175  64595  54374  13766  60459
64877  167  64571  53762  15058  59779
64874  176  64585  52500  16040  59311
64879  169  64585  52288  18211  59306
64874  175  64585  51050  21508  58341
64880  171  64587  50384  21554  57805
64874  166  64572  51048  20962  56574
64861  182  64586  52912  20197  56605
64875  181  64582  55789  17904  58208
64871  183  64579  57733  17474  60318
64891  169  64586  58429  18389  60858
64881  171  64586  58317  18339  60324
64874  168  64581  58830  18892  60692
64872  170  64577  59666  19859  60833
64880  170  64586  60389  19158  61450
64885  163  64585  61496  18347  62016
64872  165  64582  61321  18143  61952
64893  168  64586  60934  17963  61709
64886  166  64587  61880  17150  61318
64881  182  64585  62801  16355  62653
64881  166  64589  63398  15370  62340
64894  182  64582  63593  14923  61382
64880  173  64588  64151  14557  61196
64872  173  64585  64256  14794  61363
64871  169  64583  64345  15257  61125
64868  166  64576  64394  16168  61045
64871  166  64589  64527  17640  60668
64879  172  64587  65535  18859  59168
64868  159  64581  657  18671  57909
64884  186  64577  661  18286  57374
64885  169  64570  26  19074  58175
64888  175  64584  63435  22003  58224
64878  180  64573  60454  25229  55902
64890  173  64595  58526  24868  55475
64870  168  64580  58352  22872  55402
64875  181  64585  58445  20885  56100
64880  164  64569  58752  20500  56973
64873  172  64582  58296  21237  58208
64880  178  64573  57394  21795  60246
64875  163  64582  57645  21342  60185
64877  173  64567  58260  20426  58951
64862  172  64579  58516  19169  57729
64883  174  64588  58543  18456  57173
64877  166  64587  58430  18030  57956
64889  170  64582  58064  16720  58844
64874  173  64586  58198  15230  58515
64873  177  64576  58364  14191  58355
64883  172  64586  58290  12752  58903
64886  176  64576  58032  11463  60360
64875  161  64574  57918  11357  60564
64892  171  64598  57753  11111  60696
64885  163  64586  57173  10456  61653
64880  182  64583  56228  9735  62129
64886  178  64582  54489  11037  60865
64878  174  64587  53745  12278  59050
64887  173  64572  54433  13509  55905
64866  175  64589  54250  15081  56938
64878  186  64581  52945  18689  61171
64884  174  64574  51515  24334  63071
64886  172  64585  53351  24172  62597
64885  166  64595  55047  22806  61523
64879  161  64586  56133  20523  61004
64876  167  64578  57059  19067  60659
64881  162  64598  57556  18825  59658
64870  167  64597  58136  18177  59647
64874  180  64587  58934  17825  59970
64880  164  64583  60023  18073  61058
64898  168  64583  60428  17897  62488
64853  166  64590  60791  17283  62785
64867  165  64578  61659  17122  63370
64877  164  64588  62224  16809  63979
64875  164  64591  62827  16138  63546
64876  163  64583  63640  16378  63245
64877  170  64578  65496  15494  62969
64866  175  64580  65404  15319  63108
64873  183  64587  64571  16653  62845
64874  179  64577  62860  18060  757
64860  184  64582  62847  17711  64468
64888  169  64585  63979  17307  61133
64874  177  64580  64575  16669  58541
64872  165  64591  64365  16291  57783
64878  180  64585  63726  16392  57235
64883  171  64580  63641  16406  56540
64882  175  64584  64183  16205  56540
64874  167  64585  63745  16934  57585
64886  164  64587  61629  21915  56217
64882  176  64568  60461  23721  55092
64878  171  64565  60166  22119  55818
64862  156  64573  60357  21180  56636
64888  169  64576  61304  20966  57752
64871  164  64586  61310  20653  59127
64869  168  64579  60919  21156  59336
64887  171  64571  60593  21146  58690
64884  171  64579  60555  21096  58678
64883  164  64590  60396  20817  58394
64877  165  64595  60060  20765  57896
64880  177  64579  59261  20605  56977
64881  165  64580  58413  20156  58144
64880  167  64575  57801  18906  58208
64882  161  64591  58101  17091  59240
64875  166  64587  58399  15198  59130
64885  169  64584  58783  13288  59082
64859  170  64581  58660  12507  59782
64870  175  64584  58003  11882  61294
64871  174  64597  58089  10491  62859
64877  186  64579  58687  9217  63384
64873  173  64589  58871  9048  62910
64867  170  64583  58878  10277  62815
64858  160  64579  59208  11489  63385
64884  163  64577  59334  12309  63909
64882  181  64586  59065  14570  62970
64874  172  64562  58849  17090  61689
64870  177  64575  58027  18718  61826
64876  174  64580  56983  21130  62777
64886  183  64583  56417  23127  63523
64889  172  64581  55797  26444  63081
64882  183  64580  55726  27436  62574
64873  172  64579  58050  26645  61521
64876  171  64587  60026  24743  62897
64890  173  64588  61851  22433  65170
64858  193  64582  62057  20408  64313
64871  180  64584  61946  18676  63516
64872  167  64590  61659  16978  60729
64874  170  64582  60709  16909  60534
64881  176  64576  62221  18052  60632
64878  174  64582  63238  18286  61567
64877  172  64585  63232  17575  62118
64877  182  64584  63712  16827  61980
64880  174  64584  63801  15236  62048
64865  170  64590  63553  14051  61406
64890  177  64583  64723  14338  62136
64893  165  64585  65233  14283  62881
64873  164  64586  65278  14192  63179
64876  170  64587  65152  14179  62891
64877  174  64587  64589  13973  62253
64856  171  64572  64703  14060  61425
64873  166  64577  65057  14684  60427
64879  169  64590  65494  14917  60350
64880  155  64583  64951  15218  60355
64876  160  64589  64151  15426  59428
64879  173  64579  62951  16098  58940
64877  171  64572  61728  16191  57851
64872  168  64590  60775  15853  56998
64876  168  64581  59796  15603  56931
64870  170  64578  59892  15534  57614
64885  167  64578  59399  15465  58120
64872  175  64588  59114  15585  57854
64862  154  64583  58534  15688  56162
64884  166  64588  58028  16373  55224
64869  168  64578  57073  17538  54816
64872  173  64576  56502  19520  54087
64879  166  64575  56239  20604  53346
64867  185  64580  55468  21043  53356
64886  173  64580  55725  20647  53931
64879  174  64586  56485  19760  53483
64866  174  64583  56853  19512  54026
64886  171  64583  57381  18930  54644
64882  171  64595  57619  18069  53823
64870  170  64582  58026  17178  52308
64885  172  64578  58209  16169  52754
64875  184  64589  58119  15704  53634
64875  169  64593  58188  16236  54588
64872  170  64586  59638  16614  55069
64872  174  64578  60223  16520  55743
64877  166  64575  60707  16458  55776
64868  174  64588  61359  16771  56422
64880  163  64589  61620  16481  57396
64878  164  64579  61352  15975  57503
64876  168  64586  60743  15411  56692
64877  181  64579  59829  15883  56333
64873  164  64581  59375  15011  57461
64882  165  64582  59018  13715  59044
64882  163  64576  58885  13032  59905
64862  166  64583  58414  13090  59088
64881  168  64580  58079  13237  59891
64885  184  64588  58100  13540  61156
64883  167  64581  57411  13960  61802
64883  162  64581  56210  14317  61534
64881  167  64575  54846  15357  61102
64870  169  64579  54339  15359  61725
64870  184  64579  54242  15870  62406
64870  174  64582  53581  17538  63299
64868  168  64577  53355  17672  63696
64874  169  64572  53947  17460  63011
64878  170  64585  56101  16214  61286
64877  168  64578  58143  17298  61770
64871  183  64587  60218  18117  61578
64867  176  64581  60977  19531  63895
64881  169  64572  61180  20751  781
64899  181  64580  60031  20754  721
64886  172  64591  60548  20132  64107
64885  166  64585  61220  19119  63133
64877  177  64590  62012  18014  62142
64875  162  64583  62771  18147  63298
64862  175  64588  62702  17679  64117
64875  174  64583  62433  18350  64617
64875  177  64580  62360  18737  64718
64893  159  64572  62910  18567  63934
64879  168  64576  63167  18315  62518
64873  178  64583  63040  18722  61343
64872  167  64576  62546  18548  61456
64870  177  64587  61752  18720  62147
64881  169  64581  61296  18544  61311
64868  167  64584  61403  17914  60380
64882  165  64571  62036  16670  60246
64883  159  64586  62086  15969  58969
64872  175  64584  61250  15899  57202
64874  166  64589  60028  17075  55135
64877  175  64571  58125  20116  52686
64889  176  64588  56701  22551  50505
64897  160  64581  57044  22196  51066
64873  168  64585  58503  22058  53472
64875  164  64583  58973  21760  55262
64891  171  64579  58249  22661  55233
64873  182  64587  56990  23482  55273
64879  170  64579  56313  22896  56100
64872  183  64579  57473  21784  56971
64876  164  64584  58358  20543  56880
64879  174  64572  58757  20233  56083
64866  167  64588  58654  19382  56903
64880  163  64590  57862  17480  57674
64892  166  64578  57520  14811  58337
64881  174  64592  57678  11869  58744
64880  164  64590  57792  8944  59977
64876  173  64577  57535  8571  60993
64869  174  64581  57280  9981  61959
64879  182  64584  57771  10526  62463
64872  179  64579  57685  11825  62257
64874  168  64572  56945  12955  61866
64886  183  64593  55641  13703  62269
64869  169  64580  54377  13981  62402
64873  171  64573  53341  15751  60972
64892  184  64580  53044  16209  60073
64871  161  64584  53028  16969  59175
64886  184  64584  52106  19260  58988
64887  170  64584  52197  19704  59324
64882  176  64583  52846  18853  59235
64885  172  64578  54338  17673  59394
64877  163  64583  56465  17023  59549
64874  165  64577  57865  17150  59439
64870  154  64584  58364  17585  59887
64885  164  64582  58274  18052  60122
64881  167  64577  58454  18645  60882
64879  165  64588  59143  18626  62582
64878  180  64580  60065  17906  61936
64889  163  64579  60522  16728  60526
64880  176  64578  61287  16348  60510
64880  163  64596  61155  16007  61170
64869  155  64580  62098  15832  62107
64862  166  64589  62781  15808  63261
64871  159  64595  62860  15635  62481
64861  176  64580  62919  15464  61729
64880  168  64574  62452  16709  60599
64881  165  64581  62321  17697  60450
64880  161  64589  62313  17858  61491
64872  158  64592  61948  20205  61477
64889  164  64574  62616  20453  60106
64887  180  64587  63823  20106  58912
64872  180  64582  64676  19134  58067
64880  170  64593  64989  18647  57563
64870  171  64587  64512  19977  56192
64869  180  64586  62842  23174  55065
64870  172  64577  60718  24250  54781
64884  171  64582  59355  23300  54451
64888  169  64579  58559  21802  54783
64871  172  64578  57738  20789  55329
64867  171  64580  57703  20800  56254
64868  171  64592  55987  21060  57033
64883  167  64591  55909  20983  57205
64880  173  64587  56859  19993  57082
64878  184  64586  57150  19475  56544
64871  171  64594  56630  18503  57966
64871  184  64584  56456  17285  57603
64890  165  64577  56257  16488  58041
64888  173  64586  56008  15169  58561
64877  171  64596  56677  13835  60512
64879  177  64579  57753  12760  61193
64867  185  64578  58110  12267  61163
64884  178  64592  57601  12268  61280
64872  168  64576  56461  12431  61394
64884  175  64581  55308  12635  61278
64870  188  64575  54255  14063  60520
64865  171  64585  53318  15331  60555
64868  177  64599  53068  16145  61068
64883  164  64591  52565  17506  61261
64874  166  64580  52532  20228  60176
64881  168  64590  52536  24027  59783
64877  166  64582  53714  21431  60309
64876  174  64580  53919  20175  60465
64866  174  64577  54860  17177  61684
64874  161  64588  56236  14547  63415
64894  166  64582  57156  13186  64219
64874  173  64581  58574  13286  62989
64858  180  64577  59435  13437  61796
64872  165  64581  59634  14207  60991
64872  174  64586  59138  15312  60211
64864  165  64581  59650  16545  60020
64884  172  64582  60266  17635  60318
64877  156  64590  61017  17614  59517
64887  169  64573  61622  17504  59603
64865  178  64583  62170  17567  60590
64890  186  64574  63332  17686  61151
64874  175  64573  64046  17855  61943
64892  181  64571  64633  17565  62730
64879  178  64576  64610  17446  62742
64864  178  64577  64852  17162  61614
64888  173  64589  64812  16543  60921
64865  171  64585  65065  16882  60611
64884  171  64586  64619  17958  60945
64880  182  64566  63857  18400  60033
64882  177  64578  63181  18597  59181
64889  166  64581  63132  19447  57961
64892  173  64572  63145  21235  57561
64881  159  64572  63353  23576  56038
64872  171  64583  62970  24316  55934
64886  170  64583  63008  23302  57558
64879  165  64577  62701  22601  59128
64879  174  64585  62105  22600  59325
64882  152  64581  61431  22954  59484
64875  163  64584  60255  22412  59386
64887  179  64587  59476  21981  58882
64872  163  64582  58346  20529  58682
64862  160  64585  57918  19795  59117
64886  167  64591  57304  18902  59186
64873  166  64579  57757  17737  59086
64863  171  64589  58026  16799  58950
64877  176  64579  58169  15787  59413
64882  172  64590  58658  14449  60327
64880  171  64584  58365  13911  60565
64863  164  64596  58025  14024  59608
64865  170  64579  57493  14568  60028
64882  175  64591  55482  14894  61127
64879  170  64584  53366  14696  60343
64861  164  64595  52996  14412  58758
64886  167  64578  52593  14463  59216
64865  174  64580  52048  15306  60709
64869  161  64584  51903  15211  62004
64884  171  64579  51638  17875  61202
64879  171  64585  52468  16326  61135
64890  174  64582  53688  15405  59921
64879  162  64588  54668  14390  59506
64871  181  64579  55321  15020  60315
64876  171  64577  55943  15639  59660
64871  161  64583  56698  16575  58644
64889  173  64579  57255  16613  58860
64873  163  64584  58065  16412  59734
64885  166  64588  58427  15654  60585
64852  167  64583  59344  15950  60569
64868  168  64577  60234  15763  59947
64876  165  64593  61612  15974  60236
64873  178  64590  62849  16091  61376
64888  168  64576  63515  15822  62366
64882  160  64585  63561  15499  62281
64889  162  64585  63331  14487  61706
64891  179  64580  63287  14028  60637
64882  170  64582  63268  15038  59707
64874  178  64589  63822  16431  60712
64893  160  64573  64532  18254  60872
64868  177  64581  65071  18841  60785
64881  172  64570  64726  18911  61102
64888  169  64581  64047  18622  60118
64877  172  64580  63516  18323  58197
64880  169  64587  63152  19018  56640
64890  157  64580  61848  21948  55615
64875  175  64584  61225  22906  55282
64863  164  64580  61448  22329  54170
64885  164  64575  60802  22517  54435
64881  166  64587  59907  22966  56010
64879  166  64579  59202  23310  58045
64873  167  64582  58763  23548  58954
64885  169  64577  58373  22602  58047
64870  157  64582  58158  21317  57349
64869  162  64585  57841  20014  56944
64867  171  64579  57627  19038  56707
64882  166  64590  57346  17979  56821
64881  183  64580  57417  15984  57254
64881  179  64585  57998  14719  57678
64876  178  64582  58376  13644  57769
64858  186  64583  58574  12936  58065
64872  181  64581  58642  12483  59118
64873  169  64581  58452  11950  59039
64897  159  64572  57241  11665  58810
64885  178  64578  56315  11166  59150
64889  176  64574  54054  9787  59540
64873  168  64580  51238  11032  59853
64891  169  64583  49970  12503  59629
64878  179  64572  50244  13247  59425
64885  181  64570  51448  14179  59418
64872  176  64585  52831  16785  58558
64878  165  64581  52895  19923  57374
64869  167  64573  53103  18842  58383
64876  162  64583  52800  17150  59446
64877  171  64593  54622  15984  58860
64867  172  64595  56517  16727  57341
64880  169  64590  58374  18470  57457
64869  164  64578  58633  19181  58659
64882  178  64578  58808  18211  60335
64878  167  64578  59267  17219  60469
64863  173  64591  59472  17011  60563
64891  168  64577  61146  16428  60924
64867  165  64593  62042  15752  62254
64894  179  64580  62966  15370  62537
64879  178  64568  63571  15926  62824
64884  164  64580  64330  16197  63811
64877  174  64581  64119  16121  64247
64876  177  64588  64285  15864  64184
64888  160  64581  64308  15050  63952
64887  175  64585  63982  14145  62401
64881  174  64587  63875  16155  59479
64882  182  64593  63126  17646  63421
64882  164  64592  62708  18470  64865
64865  177  64578  62923  18856  62563
64871  161  64580  63058  19732  60359
64886  162  64581  62820  20388  59833
64872  169  64587  63274  20346  60190
64878  167  64575  63881  21471  60504
64865  175  64587  62882  24867  59437
64868  166  64587  61305  26602  59184
64882  163  64575  59065  26929  57255
64874  171  64578  57795  26178  56485
64890  178  64578  58010  23501  57149
64866  175  64574  58780  21377  57842
64878  172  64593  59184  21567  58899
64869  164  64582  57835  21733  59831
64887  178  64589  57641  21600  60130
64871  189  64585  57182  20795  60187
64886  171  64589  57676  19316  59637
64879  180  64588  59112  19224  59074
64875  178  64585  58741  18347  57826
64880  156  64590  57565  17073  57548
64883  168  64577  55920  14832  58752
64867  178  64579  54707  12123  59593
64878  170  64582  55680  9682  60108
64895  171  64586  57004  9175  59720
64889  164  64593  58394  10266  60180
64880  160  64577  57857  9758  62164
64866  160  64586  55918  9055  64370
64878  177  64589  53978  9816  63365
64875  174  64586  53686  11823  62796
64891  180  64588  55522  15125  63113
64882  164  64589  56683  17939  63415
64873  154  64585  56738  19496  62976
64865  172  64571  57038  20892  60486
64875  169  64574  57028  22623  59682
64875  173  64585  56172  25839  59487
64880  170  64582  56331  25826  58756
64890  175  64580  57550  24099  57674
64888  173  64587  59582  20012  58037
64882  186  64584  61127  17950  58462
64867  175  64585  61011  17783  57387
64891  168  64572  60510  18007  58212
64867  177  64579  61211  18563  58471
64884  179  64589  61698  18485  59484
64878  174  64575  62637  17980  61847
64863  183  64574  63474  17284  62260
64876  180  64583  63133  16366  62002
64886  172  64592  63295  16180  60110
64874  167  64581  64345  14993  59909
64875  171  64582  64909  15229  60019
64873  175  64582  152  16039  60681
64890  178  64583  65172  16531  61914
64882  177  64578  64701  17052  63410
64886  176  64587  64098  16974  64106
64896  173  64591  63973  16352  63264
64877  169  64580  63887  15543  62321
64866  176  64577  63573  15345  61208
64884  166  64577  62741  15230  60508
64874  159  64575  62041  14740  59445
64874  168  64586  61826  14182  58048
64873  172  64588  60727  15198  56209
64870  160  64579  58816  17763  54331
64893  167  64589  56836  19034  54341
64860  164  64592  57239  20238  56936
64866  179  64581  57364  21973  58390
64868  168  64584  58372  23371  57671
64872  168  64586  59883  23655  55862
64881  177  64583  59930  21940  54410
64869  166  64578  58912  20464  52726
64853  171  64581  57681  19486  51558
64871  167  64571  57107  18649  51368
64872  170  64580  57128  17269  51981
64876  168  64593  57665  15956  52472
64874  175  64591  57448  15045  52998
64884  174  64586  57029  13949  53947
64866  174  64579  56433  12555  54730
64871  167  64579  56284  11129  56523
64870  175  64583  56690  9801  58216
64880  169  64579  57165  9590  58048
64863  170  64581  57156  10496  58233
64880  161  64591  56987  11856  58497
64874  183  64577  56377  12429  59391
64875  174  64581  55363  13882  59297
64875  184  64570  54445  15345  58332
64878  174  64580  54026  16580  58718
64868  154  64577  54285  16655  59548
64863  176  64584  53601  17749  60014
64888  177  64587  52555  18563  59902
64877  169  64577  52326  17613  59574
64888  169  64586  53087  16310  58547
64863  173  64589  55363  14727  59914
64869  177  64581  56349  13883  61738
64875  176  64593  56804  16055  63609
64873  167  64581  56561  17458  64083
64874  180  64584  57078  17349  63347
64883  167  64582  57787  16903  61908
64879  172  64580  57523  17035  59778
64860  172  64584  57834  17563  58755
64886  172  64592  58212  17034  59525
64879  161  64582  58600  16966  59188
64865  165  64576  59429  16768  59505
64877  167  64597  59971  16534  60240
64873  168  64594  61073  16522  60052
64869  165  64589  61905  16829  60772
64879  170  64582  63713  16590  62334
64876  176  64583  64522  15550  63649
64871  164  64585  63889  15227  62776
64886  159  64571  62172  15906  61944
64874  167  64586  60947  16456  60986
64860  180  64578  61094  16460  60397
64862  174  64586  61112  16922  60335
64883  174  64569  60562  17146  60789
64882  174  64587  59705  17456  60369
64877  169  64577  58975  16949  59617
64883  182  64584  58651  16713  58412
64877  171  64579  58141  17787  56920
64878  170  64586  57273  20092  56352
64882  171  64584  57154  22173  54396
64872  171  64577  57926  22779  53714
64876  179  64579  59376  20818  54704
64881  167  64581  60060  19482  55976
64878  179  64585  59901  18741  56156
64879  176  64580  58841  18341  55901
64874  174  64585  57560  17727  56206
64885  169  64574  56754  17576  56150
64884  175  64587  56218  17180  55701
64871  176  64583  56003  16857  55617
64869  166  64575  57263  15951  55876
64868  175  64581  57870  15053  55189
64877  161  64580  58401  14561  55625
64892  159  64581  59348  14949  55471
64882  168  64591  59712  14461  55364
64877  166  64586  60290  14167  55245
64882  166  64580  60897  14272  55214
64873  174  64576  61547  15039  55058
64867  168  64577  61443  15569  54821
64879  167  64586  60890  15702  54701
64879  174  64576  60499  15567  54956
64873  174  64580  60687  15618  55596
64882  184  64583  61620  15746  57290
64867  171  64579  62167  16021  58259
64867  166  64583  62704  15987  58901
64878  188  64579  62687  15743  59905
64869  167  64577  61628  15017  61596
64868  169  64568  60659  14621  63362
64870  177  64580  60487  14931  917
64872  175  64579  61880  14700  1874
64877  180  64586  62039  13723  1960
64875  177  64582  61064  12501  1493
64866  179  64583  60098  11611  758
64887  173  64582  59373  11314  70
64877  161  64593  60047  12504  63964
64876  171  64580  59853  15405  222
64873  171  64583  59425  16179  43
64884  164  64593  59557  16598  64576
64876  164  64589  60016  16626  64307
64873  172  64591  60978  18011  64125
64863  171  64583  61117  19597  63959
64878  183  64573  61828  20049  63891
64880  181  64590  60112  19982  63901
64893  183  64579  58936  20753  64155
64863  174  64594  60201  20670  64272
64878  167  64583  60873  21144  64907
64873  173  64575  62255  20131  186
64869  185  64577  63081  18986  64258
64876  171  64586  63224  17422  62140
64877  168  64577  62894  17422  62458
64876  181  64578  62261  16739  61061
64867  169  64586  62614  18158  60882
64885  167  64585  63957  19064  62445
64871  167  64579  64606  19106  63977
64877  181  64584  64930  18718  64527
64873  167  64586  64982  17423  63853
64874  162  64574  64955  16510  62297
64873  167  64588  264  16720  61632
64873  160  64591  65431  16475  62202
64880  162  64575  64423  16852  62830
64867  169  64586  62465  16895  62317
64873  171  64586  61142  16686  61163
64888  177  64572  60564  16103  59792
64871  168  64587  60184  15845  58631
64870  166  64586  60087  16206  57548
64878  163  64576  59987  16649  56524
64890  170  64586  58873  19350  54770
64876  164  64585  57258  21183  52744
64877  172  64580  57392  19128  53227
64868  163  64588  58111  18356  52644
64874  151  64589  58297  19131  52810
64867  170  64582  58115  20120  53321
64870  166  64588  59000  20696  54040
64862  170  64578  59189  21325  54515
64876  183  64580  58532  21039  54533
64877  173  64568  57700  20506  54392
64878  159  64584  57863  19209  54009
64878  193  64585  58365  18721  54961
64884  185  64584  59938  17848  56484
64885  174  64579  60046  16760  56823
64877  175  64581  59649  16166  56282
64871  183  64571  59009  15719  55220
64865  181  64586  58275  14728  54886
64881  168  64576  57340  13848  55637
64886  170  64573  56216  12956  57259
64882  181  64587  55148  12562  58839
64885  158  64580  54634  11828  60251
64867  170  64572  54343  12219  60326
64877  164  64592  53577  13913  59065
64888  171  64582  51792  17094  58435
64888  169  64586  51328  16929  60426
64869  175  64580  52347  17232  60392
64878  161  64592  53320  18944  59006
64886  164  64568  53124  19812  58765
64877  169  64584  52015  20386  59016
64886  169  64582  53449  18209  58408
64861  170  64580  55579  15173  59426
64869  178  64585  56901  15615  60738
64865  157  64582  57454  17180  62148
64887  158  64589  58148  18148  62853
64870  174  64587  58561  18483  63477
64882  165  64580  59077  18591  62796
64879  178  64592  59141  17816  62139
64884  176  64574  59826  16756  61747
64871  169  64579  60486  16025  62087
64889  175  64588  60770  14861  62604
64881  158  64582  61756  14571  61650
64882  188  64590  62866  14436  61402
64875  175  64584  62750  14959  62667
64861  178  64592  63581  15464  63749
64868  173  64577  63778  16109  63700
64861  178  64585  64005  16566  62273
64878  155  64583  64035  16575  61374
64884  170  64585  63033  17523  61105
64881  174  64577  62121  18202  60544
64884  169  64569  62054  17463  60377
64868  162  64585  62860  17232  60078
64880  171  64577  63174  17429  59250
64871  165  64575  62137  20365  57613
64867  179  64578  60759  22582  55332
64871  174  64582  60409  22763  54754
64871  180  64579  60675  20846  54719
64885  194  64577  60895  19028  55169
64879  170  64588  60124  18488  55421
64884  172  64588  58879  19392  55519
64885  169  64588  57835  20412  55814
64876  177  64570  57493  20731  56447
64869  175  64583  57096  19702  56002
64888  170  64576  57431  18758  55161
64878  173  64585  56850  18231  55321
64882  179  64581  56625  17596  55681
64888  168  64587  56836  16789  56453
64887  169  64583  56865  15319  57020
64879  170  64573  56142  13249  57734
64875  162  64575  55308  11145  58461
64870  165  64594  54731  10185  59945
64864  163  64594  53706  11323  59949
64869  162  64571  53779  11668  59860
64871  168  64577  54325  11261  60065
64874  164  64585  53857  11125  60558
64873  162  64575  52496  13060  60561
64877  159  64582  51364  14797  60463
64867  168  64577  50977  15945  59915
64873  178  64585  49986  17196  59969
64865  174  64580  49878  20178  59002
64856  162  64590  51104  20485  58168
64877  178  64573  52697  20173  58127
64883  171  64581  54821  18925  58771
64885  169  64590  56954  17535  60373
64870  186  64585  57584  17413  61408
64872  174  64593  58183  18415  61548
64879  171  64579  58970  18647  62000
64855  181  64573  58964  18448  62639
64862  173  64580  59528  17682  61483
64880  174  64579  60163  16141  60228
64873  176  64581  59473  14879  58564
64872  175  64585  60086  14898  56158
64863  168  64590  63164  14728  57487
64876  164  64578  64783  15193  60647
64882  170  64596  63974  16108  63089
64870  171  64578  62924  16389  63793
64876  169  64582  62235  15733  62051
64872  169  64589  62991  14389  60283
64880  170  64595  63364  15775  59332
64880  177  64583  62224  17960  60550
64882  170  64582  60954  19678  62559
64888  167  64575  60731  19586  61199
64889  169  64573  61325  18500  57849
64871  164  64585  62631  17092  55548
64876  178  64577  63210  16507  55138
64877  160  64586  62196  18158  54986
64878  169  64581  60644  21403  54194
64866  153  64566  59329  21998  53233
64870  163  64583  58068  22894  52704
64888  173  64584  57175  22571  53455
64869  166  64585  57103  20966  53241
64882  169  64595  57680  19922  53979
64877  167  64580  58153  20308  54923
64871  171  64573  58091  21542  55673
64880  179  64584  57706  21752  57275
64868  174  64586  56709  21537  58160
64870  184  64592  56483  20739  58441
64870  170  64582  56331  19825  58259
64885  183  64584  56449  18036  58552
64884  169  64583  56432  16597  59184
64878  171  64584  56767  14163  59270
64877  174  64581  56963  12576  59220
64883  167  64589  56974  11424  59751
64865  161  64577  56543  9972  61628
64881  168  64583  55979  8821  62236
64880  171  64578  55933  9121  61515
64868  167  64581  55786  10674  60736
64872  174  64588  54940  13608  62181
64880  176  64591  54188  16693  65094
64891  171  64579  52333  17894  1256
64878  170  64584  50983  18862  64206
64873  165  64587  51451  19864  60848
64877  172  64592  51991  21056  59561
64881  172  64581  52194  22380  59067
64890  178  64584  52830  21614  57579
64878  162  64585  54139  20485  55574
64875  173  64584  55705  18540  55136
64871  175  64584  57035  17440  57114
64879  175  64575  58114  17151  59804
64871  174  64584  58699  17875  61198
64872  166  64596  59195  17569  60713
64880  172  64582  59446  17313  59566
64888  172  64580  60113  17905  58459
64866  166  64585  61182  16819  61249
64890  182  64591  62207  14681  62417
64866  164  64585  62217  12996  61004
64894  164  64582  62188  12702  59960
64871  161  64581  62026  12707  60387
64887  178  64574  61803  13333  61858
64893  156  64580  63050  15119  61816
64868  162  64586  64586  17288  61324
64881  165  64575  65055  19019  61554
64864  176  64577  63705  19803  61419
64880  179  64588  61432  20366  60530
64869  156  64579  60234  20067  58940
64854  175  64581  61968  18432  56149
64878  160  64591  64777  17203  55104
64878  162  64583  348  16867  56742
64873  165  64577  64578  17251  58359
64867  170  64581  62361  18870  57370
64882  169  64587  60434  20089  54980
64873  169  64580  59750  20169  54059
64877  184  64588  59131  20263  54585
64878  178  64590  58238  20858  55617
64875  175  64590  57825  20919  56691
64869  179  64587  56779  21609  57314
64870  178  64583  55958  22100  56424
64870  166  64589  55634  22069  56809
64871  159  64589  56233  22292  57775
64884  173  64587  56037  22236  59097
64877  169  64581  55470  22662  57450
64875  172  64579  54545  23067  56867
64874  168  64586  55119  21978  56964
64871  179  64585  55403  19967  57660
64869  155  64578  55733  17378  59092
64889  169  64571  56236  15295  59908
64883  179  64576  56383  13245  59761
64879  169  64583  56426  11553  60305
64876  167  64580  56891  10781  61023
64875  177  64577  56118  10920  60710
64871  166  64577  55075  11239  60496
64860  164  64588  54261  11478  60135
64875  161  64577  53358  11752  61400
64873  153  64579  51786  13920  61006
64858  171  64579  51269  15611  61023
64859  175  64581  51613  15836  61523
64875  160  64577  51620  17600  60885
64873  165  64588  52584  17856  61054
64884  172  64587  53291  18124  61215
64876  165  64582  54301  17799  61060
64866  175  64587  54797  16833  61274
64874  174  64584  54747  16501  61583
64875  181  64588  55407  16851  61632
64881  175  64572  56611  17835  60623
64865  171  64571  57622  18676  60397
64871  183  64591  58292  18717  60801
64885  173  64573  58797  17996  61337
64880  176  64570  59602  17025  61254
64863  161  64592  60030  17081  61557
64878  174  64581  60619  16239  60890
64894  169  64587  61148  16202  61548
64886  164  64579  61316  16334  64221
64891  168  64578  62158  16456  65123
64883  174  64580  62867  16697  63918
64884  165  64575  63667  16367  61767
64877  174  64566  64685  15906  60183
64883  165  64580  910  15931  59653
64871  167  64580  774  18808  62147
64876  169  64579  63515  20568  546
64862  168  64580  62542  21468  63884
64866  180  64576  62592  20696  59558
64881  174  64588  63218  19770  58011
64883  169  64582  63931  20071  58532
64874  166  64582  64229  22139  58920
64871  173  64584  64393  24409  58893
64864  164  64571  63129  26044  58399
64861  176  64584  61421  26295  57161
64883  169  64576  60083  25367  55608
64882  167  64583  59777  23693  55516
64885  170  64577  59553  22052  56230
64878  151  64583  59096  21737  57659
64881  180  64586  57940  22310  58376
64873  176  64579  57272  22585  58352
64886  171  64590  56881  21437  57059
64870  172  64589  57261  20180  55663
64871  170  64579  58536  18181  54931
64884  162  64576  58473  17323  54899
64889  158  64574  58729  17042  56292
64874  156  64591  59664  16335  58534
64861  166  64582  59641  15082  59547
64873  167  64586  59627  13819  59181
64868  170  64584  59493  12796  58527
64869  170  64574  59326  11610  58480
64883  174  64577  58615  10946  59772
64883  163  64582  57597  10742  61768
64877  166  64578  56402  10193  62503
64889  167  64572  55177  10316  62089
64871  169  64573  54429  10639  61448
64871  178  64573  53972  12958  60505
64871  186  64571  54383  15246  60681
64875  178  64581  55514  18400  60806
64884  167  64582  54673  23346  59621
64861  185  64582  53733  23744  60128
64882  160  64580  53849  21857  60018
64879  172  64583  55283  18996  60173
64875  170  64582  57349  18191  61067
64870  182  64578  58669  19103  61009
64872  161  64564  58332  19421  61609
64878  171  64570  58064  18756  61990
64888  156  64578  58061  17886  62016
64872  168  64570  58753  16722  62112
64875  178  64580  59612  16064  63337
64880  166  64586  61419  15251  61742
64875  165  64584  61925  14774  61833
64866  186  64583  61414  13780  62106
64890  166  64583  62850  13562  62180
64882  167  64582  64381  13475  62471
64881  165  64573  720  13910  61258
64861  170  64582  1796  16271  60435
64892  165  64586  1165  18633  63871
64876  167  64594  1024  19986  64609
64872  170  64587  1681  20394  61562
64867  167  64586  2260  19615  58295
64878  174  64574  1977  18908  56799
64870  162  64586  1084  19301  56576
64887  174  64591  112  19722  56675
64874  165  64571  65080  20737  57250
64861  175  64582  63964  24509  56073
64867  176  64582  61661  25592  56361
64873  169  64579  60952  24507  56212
64885  165  64586  60728  22011  56276
64878  172  64581  60440  20640  57179
64878  176  64580  60274  21422  58159
64879  169  64590  59675  22401  59466
64866  173  64582  59435  22674  59780
64877  172  64588  59650  22334  58694
64864  162  64580  59560  19502  58710
64885  173  64578  58731  18145  58066
64891  163  64587  58101  16955  57533
64869  172  64579  57927  16725  57870
64876  165  64580  57679  15264  60002
64874  181  64577  57664  13118  61218
64862  178  64590  57740  11250  60723
64868  174  64580  58371  10291  59263
64877  177  64579  58995  9951  59789
64873  181  64576  59155  9503  61339
64867  180  64593  58104  9992  62203
64876  168  64587  56456  11832  61837
64869  173  64580  56150  12934  62201
64880  172  64581  55974  13753  61913
64880  169  64582  55416  15461  60221
64882  170  64579  55268  17305  58642
64879  168  64587  55315  19454  58060
64870  177  64586  55885  22855  57504
64877  174  64579  55885  24896  57734
64889  166  64583  56464  23238  58264
64875  167  64575  56725  20687  59089
64884  171  64586  57222  18127  60913
64866  171  64592  57630  16495  62416
64867  166  64587  57988  15187  63048
64870  176  64583  58928  15684  62401
64890  177  64581  60040  16464  61470
64867  177  64579  60559  16380  60931
64879  168  64586  61015  15623  61977
64886  165  64594  61689  14736  61653
64870  170  64580  61776  14517  59982
64886  166  64600  63641  15087  60598
64871  170  64587  63647  15868  61766
64891  168  64575  63922  16288  63837
64882  163  64577  64801  15628  63636
64868  171  64598  69  14507  62146
64858  176  64589  65292  13842  61149
64882  171  64581  63908  13768  61025
64878  161  64590  63209  14356  61771
64865  169  64573  63129  16246  61567
64872  170  64580  63448  17929  61903
64891  171  64588  62766  19003  62271
64873  170  64591  62704  19687  61930
64878  174  64577  63054  19801  61326
64868  179  64580  63363  19981  60795
64876  170  64582  63505  19576  60838
64871  165  64576  62614  23269  59282
64873  178  64591  61608  24940  59391
64871  177  64581  61793  23300  60204
64887  182  64575  62877  21099  59968
64867  177  64578  62645  19730  59977
64887  174  64579  62823  19879  59831
64880  168  64586  61685  20371  59434
64890  169  64579  61093  19917  59480
64884  170  64577  60796  18417  58658
64883  165  64568  60942  17354  57559
64879  174  64581  60580  16751  56138
64883  171  64585  59939  16473  55754
64869  165  64579  59350  16478  55505
64871  165  64581  58951  16432  55676
64882  173  64584  59421  16528  55248
64883  165  64573  59968  15653  55660
64878  161  64572  60327  14717  56360
64874  178  64586  60406  14096  55817
64881  165  64584  60329  14485  55480
64880  164  64574  60086  14445  55842
64876  168  64578  58725  15265  57801
64884  162  64586  57389  16081  60605
64877  167  64588  56961  15984  62724
64874  171  64586  57652  15281  62893
64876  169  64600  58080  15284  61739
64884  178  64588  57961  16823  61039
64870  177  64586  57061  17487  61992
64863  176  64577  56482  17745  63636
64866  162  64584  56814  18368  63305
64866  169  64581  57415  19411  63199
64877  176  64583  59399  17800  64442
64874  158  64582  60814  16361  64904
64871  165  64574  61993  17028  65407
64862  180  64575  60903  17085  65373
64871  165  64580  60306  16597  64840
64874  170  64575  59986  16391  62747
64869  168  64584  61388  17696  63156
64881  174  64582  62803  17637  62042
64887  168  64590  62723  17730  60804
64873  182  64579  62542  17583  59742
64873  178  64580  62448  17986  60067
64886  178  64581  62458  17253  59058
64874  169  64588  63521  16238  60119
64872  180  64591  63531  15529  60346
64870  165  64587  64522  15138  61149
64883  164  64586  64570  14813  61361
64878  174  64576  64470  14432  61279
64887  164  64580  64513  13928  61481
64862  178  64584  64238  13493  61877
64883  171  64582  64385  13252  61075
64878  167  64581  64504  13237  59789
64877  165  64581  65475  13698  58896
64862  168  64577  65128  14041  59554
64883  175  64577  63856  14872  60679
64888  158  64585  62822  15277  60529
64876  169  64582  62110  15277  59864
64879  169  64583  62121  14310  59090
64868  180  64574  61997  14643  57922
64881  173  64580  61892  14608  57697
64864  159  64582  61359  15278  57616
64880  171  64576  60850  16065  57946
64877  160  64576  60330  16193  57846
64878  168  64583  60619  16331  57488
64864  171  64587  60509  17534  56195
64880  166  64581  60268  17862  55209
64884  168  64590  60101  18253  55068
64889  173  64570  59594  18812  54363
64885  176  64580  59483  18895  53925
64859  174  64590  59575  18994  53819
64883  178  64582  59798  18011  54689
64874  172  64589  60036  16748  56024
64884  185  64579  60429  16367  56665
64875  179  64573  60604  16833  55874
64887  174  64577  59830  16491  57154
64863  162  64581  59285  16031  57565
64880  181  64569  58728  16084  57335
64882  176  64585  58951  16083  56366
64891  162  64593  59750  15426  55302
64866  176  64583  60556  14804  55267
64871  182  64588  60654  14715  55981
64874  172  64593  60756  14536  56655
64885  169  64592  60686  14116  56637
64879  184  64577  60722  14153  56261
64885  168  64581  60511  13987  56338
64874  162  64584  60062  13416  56692
64880  165  64578  59729  13105  57167
64863  171  64578  59577  13696  57006
64882  166  64586  59992  14113  57255
64868  166  64579  60076  14136  58075
64876  167  64587  59788  14515  59162
64875  156  64589  59085  15529  59467
64874  166  64584  58750  16140  59153
64873  174  64587  58732  16781  58701
64867  171  64578  58543  17483  58532
64879  167  64569  57887  18272  58980
64878  160  64574  57376  17929  59510
64870  166  64592  57020  17988  60693
64873  170  64582  57115  18367  61523
64859  164  64582  57891  18396  63359
64869  184  64577  59081  16807  64135
64874  173  64590  60124  15358  63263
64865  172  64580  60675  14099  63045
64886  164  64584  60497  13320  63194
64871  174  64575  60688  13470  61400
64872  174  64583  60964  15114  59958
64874  167  64578  60772  17047  61063
64879  169  64586  60939  18594  61934
64891  181  64584  61456  19181  61939
64887  172  64584  62179  18584  61201
64880  165  64592  62807  17307  60710
64863  172  64576  63224  16360  61419
64872  169  64583  63136  16248  62066
64884  169  64581  63405  16665  62487
64877  172  64577  63806  17257  62470
64865  177  64577  64026  16950  61522
64872  176  64584  63469  16533  60614
64877  176  64578  62778  16570  59254
64872  169  64574  62767  16153  58242
64874  172  64574  63645  15846  58376
64864  168  64580  64489  16013  58707
64857  168  64579  63925  17066  58751
64894  173  64584  63237  17375  58525
64884  169  64585  62731  16863  58607
64895  178  64591  62428  16122  57856
64860  191  64583  62388  16641  56186
64889  179  64577  61700  17395  55272
64869  174  64580  60011  19718  53946
64872  179  64581  57743  23116  51730
64879  172  64577  56530  26196  50079
64885  170  64579  55908  26082  49466
64877  160  64577  57183  23262  50940
64897  169  64580  57595  20973  53328
64882  180  64585  57526  21019  54403
64871  169  64582  56112  22339  55411
64893  173  64583  55654  21219  56793
64865  170  64585  56404  18561  57431
64883  172  64582  57549  17686  57409
64866  163  64573  58555  16496  57859
64869  164  64585  58727  15588  58008
64867  160  64575  57682  13568  58970
64880  165  64577  56613  12056  59091
64886  169  64585  55967  9935  59859
64878  171  64589  56503  8794  61473
64873  176  64580  56386  8214  62013
64888  186  64585  56228  8770  60767
64871  169  64579  56582  10523  59440
64867  176  64583  56088  11968  60169
64869  165  64579  55156  13183  61119
64876  174  64582  54273  14680  60757
64882  169  64585  53515  16860  59833
64885  172  64585  53194  18839  58696
64870  170  64570  53356  20068  58487
64888  180  64574  53100  21325  59079
64890  181  64577  53009  21701  59564
64874  177  64585  54646  19965  59483
64879  181  64587  56949  18394  60049
64886  175  64576  58314  17124  61382
64882  170  64584  57936  17312  63082
64871  179  64571  57892  17872  62168
64875  173  64572  57736  18439  62245
64879  166  64590  57959  18557  61545
64872  173  64575  58856  17935  60613
64874  171  64587  59662  17377  60138
64865  176  64588  60317  16957  61197
64869  171  64573  61289  16948  61770
64874  170  64581  62051  17124  61902
64868  165  64590  62603  16600  61970
64890  165  64579  63888  16788  62279
64877  169  64581  63445  16155  63383
64882  166  64587  62698  16687  63908
64882  169  64577  62476  16323  63160
64877  151  64574  62220  16879  61837
64873  165  64588  62625  16928  60374
64882  166  64582  62923  16921  60365
64879  177  64575  62925  17203  60499
64855  174  64581  61836  17800  59752
64884  174  64587  61973  17628  58193
64873  175  64586  61865  16725  57981
64872  158  64586  62237  16395  59108
64877  186  64585  60873  19132  58694
64888  173  64575  58784  21566  57938
64866  172  64567  57299  22827  56399
64881  171  64580  56895  22752  54811
64882  165  64586  57188  21506  54000
64887  183  64569  58170  20573  54844
64864  172  64579  58976  21187  56505
64897  176  64587  58685  21504  57038
64885  170  64588  57768  20850  56792
64870  181  64588  56771  20333  56794
64876  169  64586  56476  19764  56863
64881  180  64575  56116  19072  57179
64883  166  64582  55666  17694  56648
64887  183  64583  55182  16441  57495
64889  168  64589  55117  14863  58721
64875  160  64581  55707  14234  59104
64885  162  64581  55909  13378  59455
64859  166  64582  55517  12327  59857
64872  172  64577  55877  11418  60150
64878  174  64572  55741  10883  60934
64886  163  64575  55962  11622  60653
64890  170  64584  56294  11783  61672
64880  166  64587  55469  11706  63379
64883  178  64577  54458  11832  63765
64870  165  64583  53932  12634  63333
64878  170  64583  53675  14460  63204
64873  180  64586  53294  17219  62127
64871  164  64582  52932  18960  60303
64882  159  64588  52426  18810  58446
64882  168  64579  52057  19083  57724
64884  179  64578  53686  18477  57059
64875  164  64589  56348  17243  57736
64871  175  64576  57754  17422  59345
64887  165  64587  57710  18395  59772
64900  171  64586  58163  18420  58666
64870  160  64587  59115  18538  58639
64873  162  64576  60015  17739  59694
64869  168  64594  60771  17349  60568
64884  164  64592  60220  17218  61570
64872  167  64594  60635  17107  61710
64883  176  64571  61403  16604  60747
64879  172  64585  61106  15455  60300
64879  175  64586  62791  15050  60617
64858  177  64581  65389  14612  62573
64875  171  64588  65488  16026  63420
64868  177  64584  394  17157  65138
64877  176  64582  64713  17279  63984
64869  168  64574  63216  16826  60190
64860  179  64588  62516  15535  57786
64869  183  64575  62131  15312  56957
64880  173  64576  62378  16102  57779
64883  177  64576  63011  18003  58973
64884  170  64577  63264  18775  60878
64859  170  64586  62865  19390  60796
64885  156  64585  61730  20906  59419
64874  169  64588  60474  22041  58272
64871  167  64591  59482  22532  57281
64871  169  64588  59257  23539  57727
64872  149  64592  59244  23057  58268
64872  162  64573  59473  22174  59893
64868  156  64587  59987  20875  59980
64883  157  64580  60204  20070  59788
64880  157  64577  60100  19459  60208
64878  163  64583  60065  19438  60498
64882  181  64584  59892  19468  60602
64877  174  64579  59866  18555  60712
64871  165  64576  59974  17161  60312
64873  171  64584  60112  16292  60009
64872  171  64578  60908  16799  59950
64866  170  64577  61046  17427  60527
64875  170  64580  60125  18106  62068
64876  172  64591  58926  17060  60497
64874  163  64584  57532  15264  61693
64866  168  64582  58249  14402  61706
64867  163  64582  59579  14626  60842
64868  175  64583  59881  15973  59956
64880  173  64597  59577  16036  60622
64871  185  64586  58046  15811  62183
64869  169  64576  57516  17044  61954
64862  166  64585  57262  20093  60061
64880  166  64584  56483  20709  60122
64884  171  64576  55966  17681  61091
64879  169  64575  56260  15252  62361
64887  180  64578  56668  14073  62143
64869  168  64576  57578  15244  60839
64873  180  64591  59251  15550  59818
64891  159  64575  59367  15278  60546
64886  160  64578  58503  15131  62381
64876  175  64579  57684  15685  63403
64878  160  64579  58189  16127  62547
64866  165  64578  60438  17667  62054
64887  161  64580  61936  18135  62567
64887  166  64574  61853  17646  63550
64873  169  64583  62264  17560  63301
64881  178  64589  61728  17664  62130
64873  167  64572  62370  17786  60785
64877  178  64584  64144  19302  61204
64892  169  64581  748  21347  61170
64866  173  64580  1605  22469  60800
64886  163  64574  401  20505  61921
64889  177  64579  64860  17768  62830
64876  173  64575  64770  16631  62560
64884  178  64575  593  16767  60221
64883  167  64587  1928  16711  59623
64870  167  64584  2242  15679  60440
64849  176  64581  1290  16773  59777
64878  181  64583  165  19479  57838
64870  166  64574  1007  20602  56800
64895  163  64576  1758  20279  56206
64867  181  64586  2273  21316  55624
64878  158  64576  1198  22654  56402
64876  175  64575  65211  23391  57159
64868  165  64586  64003  23975  56260
64886  160  64578  62156  23829  55932
64879  159  64572  61235  23396  56371
64875  171  64592  60305  22462  56999
64877  173  64583  59674  21711  57540
64892  164  64574  59218  21441  57078
64891  184  64585  59344  19895  57827
64882  187  64581  60107  18604  58996
64864  167  64579  60001  17095  59563
64872  179  64583  59528  15526  59797
64871  188  64576  59283  14219  59989
64865  177  64572  59067  13289  60242
64885  172  64585  59033  13306  59481
64880  177  64579  58823  14117  58477
64872  189  64585  57830  15208  58947
64875  167  64586  57117  15678  59557
64891  193  64578  56538  16540  58954
64874  176  64574  56972  17719  58246
64875  181  64584  57709  19526  56898
64876  171  64578  56518  22307  59815
64879  164  64577  55677  21064  24
64870  175  64584  55350  18329  1488
64871  179  64582  54860  15700  64262
64878  171  64582  55298  13213  62063
64884  177  64581  55565  11326  60294
64871  164  64569  56041  12244  59955
64889  172  64572  56014  13044  60682
64879  162  64579  56793  14601  61734
64884  165  64589  57512  16109  62868
64872  166  64580  58126  17160  63155
64863  171  64581  58943  17216  63159
64877  160  64591  59301  16814  62414
64864  172  64583  60713  17481  60596
64862  181  64593  61815  17295  60843
64870  168  64588  62137  16595  61014
64876  161  64574  61533  16315  60449
64871  168  64579  60944  16387  60762
64886  166  64599  62281  17868  60845
64866  175  64589  63784  18952  61332
64866  161  64591  64294  20081  60446
64878  169  64587  64465  20210  58838
64857  182  64585  1296  20436  58248
64881  166  64578  2706  19767  58288
64894  177  64590  3520  17881  56990
64881  161  64578  3000  16655  55655
64884  182  64584  2230  16580  54965
64895  178  64585  847  19242  52884
64868  166  64572  65401  22409  52520
64869  173  64592  65125  22198  54361
64881  170  64574  65050  21435  55990
64874  165  64582  64196  20736  56292
64870  172  64582  63684  20591  56342
64874  166  64577  62369  20598  55703
64872  170  64577  61233  20191  55605
64879  168  64589  60521  20730  55666
64883  151  64585  60087  21394  55483
64863  153  64569  60267  21596  54486
64881  171  64575  60307  22724  53117
64876  174  64582  60683  22182  54329
64879  172  64587  60038  20380  55191
64866  159  64587  59542  18853  56417
64881  173  64580  58142  16921  57264
64885  183  64588  57377  13967  58292
64880  171  64584  57166  11761  58651
64872  162  64579  57267  10431  58125
64878  176  64583  57585  10214  58532
64883  171  64582  57825  10604  60260
64877  173  64585  57217  10767  61373
64881  175  64581  56435  12280  60223
64869  170  64584  55587  12988  59129
64875  167  64591  54402  13609  58767
64863  166  64580  54943  14168  57798
64874  173  64586  55639  15632  56211
64888  166  64589  55710  17218  57547
64863  174  64587  55895  16642  59327
64878  165  64574  56060  16887  60115
64863  161  64584  56286  16662  61277
64868  162  64590  57579  17010  60804
64864  165  64572  59258  17634  60404
64872  176  64572  59690  18280  60710
64867  169  64572  59009  18727  61800
64866  169  64573  58809  18631  61075
64866  168  64576  58998  18370  61023
64860  177  64581  60115  18233  60776
64871  181  64586  61190  17542  61327
64869  175  64591  62120  16828  61376
64869  175  64591  62045  15971  61274
64880  169  64583  61684  15817  61051
64881  179  64584  62283  15966  61984
64872  180  64594  62586  15988  62234
64870  173  64577  62912  15762  61787
64877  175  64577  63293  15495  61455
64881  187  64580  63113  15603  60595
64871  171  64592  63001  15409  59511
64875  175  64587  62899  15257  59304
64867  166  64581  62283  15525  58466
64885  177  64596  62666  16535  58128
64891  168  64590  62855  17803  57829
64876  164  64592  63381  17836  57606
64875  175  64583  63662  17666  57208
64886  163  64576  64294  18973  56432
64882  163  64578  63193  21225  54699
64868  165  64586  63605  21509  54664
64863  180  64587  63172  20360  55249
64869  170  64585  63249  19578  56169
64878  164  64580  62937  20134  56346
64874  161  64595  62613  20716  55407
64861  170  64584  61561  20871  55200
64871  177  64586  60424  20230  55221
64880  166  64589  59930  19810  54907
64865  175  64582  59638  19158  55310
64873  167  64582  59170  18435  55841
64872  168  64588  59106  18360  55833
64862  186  64583  59307  17942  55274
64871  170  64569  59916  16759  55504
64855  165  64584  60112  16385  56731
64872  167  64586  59857  16324  58652
64887  180  64588  60567  16448  58427
64868  169  64580  61285  16703  57247
64886  176  64568  61998  16423  56407
64886  173  64582  61959  16215  56491
64878  187  64587  61806  16395  57219
64876  170  64586  61695  16706  59092
64873  175  64584  61919  17597  59702
64879  176  64584  62283  18526  58804
64878  166  64584  62326  18740  58603
64862  170  64587  62816  18760  59045
64878  172  64588  63172  19275  59759
64877  175  64586  64082  21303  60333
64869  168  64573  689  21628  60458
64870  155  64580  1994  20808  60445
64883  168  64588  3254  20056  60503
64875  158  64592  4335  19162  60234
64877  179  64594  4629  19322  60906
64868  175  64578  4152  18866  63301
64886  170  64581  3453  19088  64357
64882  169  64583  4184  18179  63281
64883  177  64580  4162  17377  62971
64869  165  64584  3591  16540  63652
64873  173  64583  3070  15887  64155
64880  177  64575  2519  15211  527
64864  167  64584  2489  14805  1754
64878  172  64584  2733  13085  2861
64867  161  64577  2648  11853  3876
64883  164  64583  1809  11047  4163
64871  165  64582  907  9775  4416
64892  173  64584  65190  8365  5240
64876  169  64568  64622  6398  5853
64876  177  64582  64810  5869  6664
64885  160  64590  440  6209  8439
64877  157  64588  1243  6657  8544
64872  172  64587  1661  5324  8491
64882  160  64585  447  3813  8938
64865  167  64575  64910  2455  9239
64884  176  64582  377  4748  10665
64871  166  64588  2369  8282  11395
64874  171  64587  2660  8230  13186
64870  178  64572  64381  8087  14983
64883  174  64584  64218  12898  28680
64850  191  64592  891  12215  15590
64885  165  64577  4012  9274  17340
64889  175  64583  4696  10155  17863
64890  167  64576  5164  13387  20770
64877  174  64579  3036  13518  19540
64875  178  64585  4742  10605  16532
64884  170  64582  2104  9018  15663
64892  165  64585  21  8346  14791
64872  163  64592  2072  6313  12941
64883  176  64575  894  7397  13157
64900  154  64582  1971  6806  12681
64895  180  64587  1511  7743  11174
64876  178  64576  1477  6369  10608
64890  171  64578  726  6159  11667
64865  172  64573  64912  5938  13211
64863  173  64585  64057  5523  12764
64874  171  64578  65380  4502  13477
64877  162  64570  65233  2286  12546
64885  184  64589  1275  1167  13103
64809  153  64590  1777  2617  14350
64898  150  64585  2303  3936  12306
64857  174  64589  64864  6111  9491
64873  173  64578  65334  4381  14501
64881  165  64571  65162  3662  14997
64879  169  64592  65432  1772  13460
64879  167  64588  692  1541  14757
64880  164  64591  496  3183  15204
64885  165  64585  619  3902  14802
64866  159  64590  1158  4985  15021
64886  169  64587  65261  4286  14977
64882  171  64573  64919  4746  15217
64872  174  64583  65398  4396  14240
64879  162  64589  65041  3926  14887
64882  165  64571  64691  3419  15678
64887  187  64576  64417  2637  16526
64858  185  64578  64966  2790  16828
64831  177  64569  64672  3393  15433