gx     gy    gz     ax    ay    az
64878  179  64585  6759  11699  13700
64858  186  64573  7384  12742  14761
64874  171  64592  5669  11768  12936
64861  183  64577  3450  8006  11734
64876  165  64582  4295  7978  11397
64884  178  64584  4346  10507  14272
64878  180  64586  3152  9410  12658
64870  170  64584  2915  9047  12163
64872  169  64591  1928  10189  11676
64875  164  64577  1895  10394  11501
64879  157  64477  390  10627  11379
64887  174  64557  7  11447  9769
64882  172  64578  65322  12732  11017
64879  178  64581  63391  11837  7519
64888  165  64585  62449  12220  6356
64872  167  64576  62129  13971  5207
64873  169  64582  63830  16135  4219
64885  179  64579  65495  17340  5230
64895  166  64582  422  17265  5116
64887  172  64589  64249  15085  2033
64879  172  64587  63695  13378  825
64884  182  64589  62378  13793  575
64877  169  64582  62173  16072  600
64882  162  64586  63712  17822  65469
64873  170  64581  63276  17898  63695
64865  169  64586  63018  18282  62659
64874  171  64586  61811  18048  61692
64882  170  64584  60921  18615  60858
64896  164  64585  61987  19690  59982
64883  168  64587  63473  19426  59773
64866  163  64581  63913  18737  59385
64877  170  64577  63780  18065  59008
64870  176  64578  64207  17627  58715
64870  174  64579  569  18228  58976
64874  173  64590  2704  18433  59670
64876  167  64583  3608  18359  60522
64879  170  64579  3091  17666  61702
64873  170  64586  2622  16217  61363
64880  166  64587  2711  17291  60235
64879  173  64581  3704  17961  59803
64866  171  64575  3458  18285  60426
64875  170  64580  3337  17568  60632
64877  158  64580  3133  17069  61004
64879  171  64579  3285  17068  61495
64876  173  64575  3574  16779  61598
64868  173  64582  2925  18464  60520
64881  175  64593  1040  20547  58880
64880  177  64572  65136  23059  57798
64884  171  64581  64005  26179  56799
64865  170  64587  61742  29950  54974
64881  174  64581  60037  32561  53685
64888  174  64578  60736  32760  52766
64871  176  64576  59598  31541  54906
64890  175  64579  58939  28192  56064
64876  178  64588  59218  25659  56759
64890  173  64586  58536  23807  56160
64879  167  64589  57659  22202  56392
64888  171  64582  56719  19403  59188
64867  175  64573  56840  16158  62093
64866  160  64578  57323  13673  63287
64857  173  64588  57283  11872  63716
64875  160  64581  55963  9576  132
64877  180  64597  54471  8261  384
64885  173  64581  53434  7543  65054
64889  168  64599  54263  7803  168
64874  158  64578  55419  9021  729
64871  166  64590  56841  9683  64997
64880  165  64583  57681  10602  63422
64876  168  64583  57649  11168  63238
64880  167  64582  56737  12193  63065
64882  165  64567  57949  14867  61261
64869  174  64577  60804  16220  59577
64879  169  64583  63140  16810  57137
64882  172  64573  64437  20316  57266
64870  174  64588  64476  22384  56552
64873  179  64570  64308  23877  57449
64873  152  64568  490  25560  60691
64886  170  64571  1673  25821  60478
64890  172  64570  2314  22374  61869
64880  171  64570  2906  17815  62156
64888  159  64589  2646  14468  61313
64886  176  64592  2404  14702  60599
64873  188  64580  4196  14333  60852
64885  174  64578  4355  14150  62560
64865  181  64582  3373  14858  64053
64889  173  64586  2860  15840  64251
64890  183  64591  3421  16007  61886
64892  169  64582  5920  15144  60775
64861  179  64576  6036  16648  60025
64872  163  64578  3082  20661  58203
64869  155  64580  65436  23809  54896
64883  172  64579  63096  24855  53219
64882  162  64585  61143  27279  52154
64866  169  64585  59153  29984  52633
64861  171  64583  59106  31476  52750
64866  162  64576  60102  29696  54839
64874  159  64583  58957  28200  56008
64882  166  64590  57639  25928  55975
64881  160  64595  57116  20935  56215
64881  168  64581  57894  15926  59096
64879  158  64587  58292  12418  60774
64870  168  64575  58249  12337  61971
64861  160  64592  56718  11250  63366
64872  171  64573  55800  9486  64612
64882  174  64587  55358  7310  64812
64868  168  64588  54987  7147  65185
64885  173  64581  55186  7416  65435
64881  169  64576  55469  6435  64561
64882  176  64577  55085  7145  62869
64883  169  64597  53655  8752  61248
64877  173  64584  53453  9920  60559
64865  182  64579  55625  12287  59208
64892  172  64578  58032  17073  58819
64890  167  64576  56316  21685  58519
64871  177  64582  54767  22500  57616
64884  178  64580  55694  23644  57199
64862  168  64590  58637  24768  59524
64879  175  64578  61905  26359  60156
64894  169  64580  62840  26208  60525
64866  177  64585  63041  24157  61652
64862  159  64579  64108  21528  60779
64867  162  64581  65009  17997  60463
64868  167  64573  1080  15062  58842
64876  174  64581  2160  13942  57136
64876  168  64582  1729  14907  58179
64878  172  64586  488  16051  59423
64875  173  64590  426  16977  59202
64869  162  64577  1329  16333  57538
64884  163  64578  3838  15411  56650
64878  164  64572  3786  14690  58947
64884  175  64587  1813  16071  59598
64872  173  64585  64975  18249  57537
64872  167  64584  63063  19084  55984
64888  176  64586  61724  19540  54946
64877  172  64575  58158  24149  53329
64871  170  64582  55061  27088  54075
64878  180  64580  55305  29165  54638
64881  178  64575  55099  28906  53018
64877  158  64578  55943  26999  52209
64872  162  64590  55885  22477  52081
64868  170  64592  57809  18488  54396
64886  166  64583  59709  17491  56820
64873  157  64580  59428  17655  57183
64878  174  64581  59098  17958  56511
64872  173  64576  58671  16643  58796
64887  163  64594  57244  14970  59717
64872  169  64580  56858  11815  61074
64876  166  64583  56080  10690  62903
64876  157  64596  54862  9189  64585
64867  159  64578  52684  8338  455
64878  186  64579  48520  8622  1017
64885  180  64577  46757  11199  64221
64875  179  64580  48777  16237  59520
64881  181  64586  50028  18462  57936
64880  170  64582  51081  19867  57942
64876  171  64587  52291  19286  56257
64877  162  64583  53733  16736  56547
64862  179  64572  56302  17096  58772
64873  159  64591  58236  17331  61391
64872  174  64580  60146  18533  63738
64882  177  64569  61547  19487  62657
64882  175  64586  63809  19040  60816
64879  178  64582  349  18364  59880
64859  179  64580  2915  18025  58862
64887  177  64583  5075  18034  59905
64864  175  64585  5278  17884  60423
64868  182  64595  4898  16570  59891
64869  171  64579  5847  15429  60046
64877  170  64577  7354  14438  60836
64869  177  64570  6928  16343  60096
64876  172  64591  4788  18964  56864
64867  174  64587  1519  21042  54791
64874  170  64570  64526  24739  52955
64885  161  64588  60379  30564  51033
64885  161  64582  56364  32760  48453
64874  167  64584  55092  32760  47804
64861  177  64583  56502  32760  50250
64878  166  64590  58137  28377  53149
64884  162  64586  58602  23983  53437
64889  168  64588  58175  20583  54642
64857  162  64580  57512  18435  56149
64875  172  64589  56985  16610  59033
64884  171  64599  56602  15598  61531
64869  177  64585  54529  14701  63694
64895  179  64583  53419  12467  63392
64891  189  64579  53657  8822  62266
64884  170  64588  54527  6629  62849
64880  169  64585  55678  5646  64362
64872  181  64581  53710  6183  633
64866  167  64581  50377  7399  64999
64879  164  64582  48962  8121  60888
64871  183  64581  50529  10282  58923
64889  170  64578  51678  15689  59563
64868  163  64581  52498  17686  62488
64861  167  64571  55360  18584  62613
64866  173  64578  57069  19847  61276
64872  160  64581  57124  21985  60299
64873  165  64584  56881  22897  60389
64878  179  64581  58569  22319  61276
64874  169  64586  61999  21395  61619
64881  171  64584  65277  20288  62188
64884  177  64584  414  19114  61948
64886  171  64585  65404  18575  61033
64875  167  64583  64614  18235  59070
64874  167  64572  473  19575  57726
64885  165  64579  2720  19654  59027
64884  161  64586  4386  17873  61256
64879  168  64585  4292  16709  62186
64870  174  64586  2872  17245  60988
64889  178  64575  1117  18778  57825
64885  186  64588  65330  21506  55982
64867  165  64588  65393  25078  55489
64873  187  64576  63177  28008  55844
64887  162  64579  61558  28734  54171
64862  175  64591  60792  28762  51058
64885  162  64582  61344  27783  50765
64884  172  64578  61344  27125  51068
64887  173  64597  59964  25361  53223
64877  173  64598  60486  21724  55970
64875  169  64575  60884  20110  57891
64871  172  64580  59174  20996  57196
64868  172  64582  57497  21467  56402
64888  176  64585  56956  20782  57589
64882  173  64588  56435  18768  58296
64866  162  64597  56457  16900  57621
64880  160  64581  56171  15021  58738
64881  161  64578  54026  13443  61847
64873  179  64569  51379  11702  65404
64870  167  64586  49162  10106  2874
64864  162  64589  49960  8617  1126
64868  175  64568  51437  9245  62309
64857  178  64584  51556  12390  58301
64881  179  64587  50707  13738  57664
64882  165  64578  51274  13562  58326
64874  170  64587  52902  14882  59069
64875  170  64572  54486  15814  59907
64892  170  64594  56552  16547  61563
64878  178  64581  58389  17145  63054
64884  180  64585  60099  18070  63560
64866  171  64580  61683  18561  62236
64872  169  64582  62629  18402  60152
64881  173  64599  62993  17872  58793
64893  179  64600  62685  18714  58373
64879  176  64578  63961  21209  57722
64877  166  64584  463  21791  57245
64871  164  64584  811  20803  58422
64863  166  64579  646  19323  59760
64871  171  64587  65368  18312  59774
64878  170  64585  448  19436  58834
64889  155  64583  1633  19963  57247
64867  161  64576  809  20451  57685
64900  174  64583  64669  23005  56931
64877  174  64594  61738  26971  52836
64867  165  64576  59950  28061  51945
64865  174  64573  60212  26523  53299
64881  178  64578  60489  24187  54329
64868  174  64578  60232  22773  53605
64888  171  64589  59251  23287  53737
64868  169  64586  58031  23423  54682
64879  180  64586  57659  21519  56548
64879  174  64580  58150  18623  59646
64873  174  64595  58604  15861  59949
64882  165  64572  59077  14483  59177
64890  168  64573  59033  14747  58637
64881  165  64585  58189  15406  60336
64874  184  64585  57433  14756  62152
64866  174  64587  57491  13701  62620
64883  162  64574  58427  12377  62540
64873  173  64584  58307  12891  62756
64877  171  64581  56465  13486  63275
64883  172  64584  54057  13565  62365
64872  176  64582  52808  11684  61825
64870  165  64583  52857  10963  60686
64873  163  64593  52838  13318  59283
64868  175  64590  52869  14792  58378
64874  175  64581  52710  15407  57944
64888  175  64574  53110  15383  57780
64876  176  64577  53850  15912  58608
64868  174  64565  55267  16697  60174
64870  179  64589  56991  17138  61336
64873  168  64580  58481  17132  61766
64890  182  64592  59225  16406  61267
64873  166  64584  60209  16085  58942
64867  174  64588  60448  15840  56595
64885  179  64590  60709  16865  55150
64876  176  64584  61579  17316  55387
64875  175  64581  63728  17973  56269
64870  172  64583  64051  18841  57283
64875  172  64581  63649  19325  57649
64881  169  64580  63177  19212  56545
64879  173  64591  62893  17984  55012
64881  157  64586  63247  17812  54525
64868  170  64587  747  17583  56588
64877  158  64582  65430  19121  57265
64875  166  64577  62336  22174  55674
64862  181  64574  58856  23354  53125
64874  161  64576  56729  23944  51213
64888  174  64585  56301  25723  49066
64877  176  64584  56718  27104  50564
64884  167  64582  57464  27571  53072
64861  173  64585  58942  26243  54074
64881  167  64586  60184  24346  54821
64876  163  64575  60190  23278  55969
64874  179  64589  59926  21805  58028
64882  172  64585  58336  20617  59047
64882  173  64585  56794  20484  60691
64889  189  64593  55111  19387  62924
64876  180  64587  54477  18087  62221
64854  175  64588  54394  17736  63378
64852  164  64584  54439  16894  63197
64891  188  64583  52688  15660  63377
64864  175  64572  54857  15619  62560
64885  167  64598  54839  15835  61935
64878  183  64590  54683  15226  62300
64885  178  64574  54885  14687  62288
64874  173  64574  54436  13923  61169
64864  169  64583  53664  13256  60979
64895  174  64580  53784  12610  62197
64881  161  64572  54361  14168  62446
64884  171  64589  54675  15684  61850
64878  174  64582  54239  15748  61049
64883  175  64597  54607  16060  59537
64876  164  64591  55836  16416  58249
64882  155  64574  57500  16795  56402
64877  177  64585  59879  16099  56287
64871  165  64576  60750  16153  56454
64891  176  64579  60163  17111  57196
64884  165  64576  59223  18931  58202
64878  171  64577  58620  18919  58595
64874  166  64582  59075  17928  58148
64874  164  64586  60270  16392  57423
64873  163  64586  61184  14802  57239
64885  176  64579  61568  13320  58174
64863  163  64595  61269  12632  58929
64890  180  64585  61033  12531  58413
64881  169  64580  61266  12635  58255
64886  169  64577  61028  12797  57878
64885  173  64584  60774  12816  57446
64883  175  64584  60663  13802  57569
64885  174  64593  61446  14411  57413
64882  161  64585  62096  14742  57360
64869  175  64587  62437  15316  57852
64886  164  64579  62193  16326  58316
64868  163  64582  62175  17444  58699
64871  175  64581  62735  18704  58861
64879  169  64585  62628  19470  58915
64874  168  64568  61936  20204  59108
64859  175  64576  61452  20783  59643
64869  173  64577  61547  22034  58936
64871  175  64576  61917  23168  58944
64881  166  64579  61466  23961  58800
64880  187  64579  60917  24524  58864
64878  169  64591  61656  23338  60468
64875  166  64582  62557  23089  61766
64877  183  64586  63055  24741  61473
64872  165  64599  62757  25523  61409
64874  168  64586  61400  25717  61168
64881  168  64585  59597  25785  60674
64859  170  64592  58780  25352  60503
64870  175  64581  58209  25206  60561
64868  168  64591  57204  25340  60628
64876  169  64586  55824  24840  62018
64882  164  64587  55004  23535  62004
64895  173  64578  54821  21572  59961
64874  178  64582  54969  19698  58910
64867  165  64589  54364  17661  60699
64884  163  64582  55017  15486  61668
64886  166  64584  55707  13945  62238
64883  171  64585  55711  11922  63148
64873  170  64593  55323  9559  65459
64863  162  64584  54779  7309  556
64862  161  64577  54377  7006  64329
64868  160  64577  54054  6730  63228
64887  174  64585  53685  6831  63254
64879  167  64573  53659  7824  62841
64859  172  64599  54443  9833  61602
64878  171  64584  55987  13197  60847
64881  159  64571  56692  15546  61234
64863  174  64586  56299  18818  60506
64874  170  64592  56486  21938  58434
64879  175  64581  56839  23643  57133
64855  174  64573  57822  24372  55531
64898  170  64584  59967  23038  55128
64874  177  64586  61907  21679  55950
64876  173  64575  62692  21402  56195
64880  182  64577  62482  21440  55611
64871  171  64581  62109  21919  56416
64884  171  64587  60891  22289  56843
64886  180  64585  60478  21964  56634
64872  176  64579  60914  20304  56089
64873  171  64580  62663  18032  56056
64870  172  64583  63842  15588  57059
64860  169  64586  64169  14042  58575
64866  163  64579  64180  13126  59931
64877  184  64600  64245  12961  60787
64871  172  64582  64366  13320  61543
64872  159  64578  64226  14102  62503
64876  172  64581  64650  14567  62351
64862  166  64585  65222  14479  61787
64875  172  64578  273  14366  62013
64864  166  64578  1175  14582  62510
64866  180  64590  2208  14863  63346
64877  177  64582  2385  15366  63566
64856  169  64583  1546  16358  63321
64868  163  64574  85  16800  62854
64881  166  64579  64156  17579  62154
64884  154  64580  62703  17967  61395
64866  169  64597  62523  17494  61015
64880  176  64582  62338  16933  61020
64877  161  64586  61881  17188  60804
64879  174  64592  60287  21028  58860
64890  164  64586  57396  26243  56396
64878  172  64576  55566  28110  55789
64872  175  64590  54286  29105  55433
64881  168  64580  52744  30777  54554
64876  170  64582  51922  28782  54758
64885  171  64580  50587  25245  56771
64880  176  64593  50203  21054  60593
64875  174  64577  51712  17113  61882
64883  163  64574  53955  14563  61329
64872  162  64585  55035  13189  61446
64878  173  64579  55156  12186  61649
64884  162  64586  55320  9573  62824
64874  178  64584  54784  6671  64523
64881  175  64578  55041  5813  133
64873  171  64590  56560  6164  65422
64880  180  64594  58077  7544  64851
64880  166  64589  58777  9636  63711
64880  164  64585  58736  11105  61869
64874  168  64585  58491  11745  61045
64890  183  64589  58516  11482  59491
64879  169  64585  59507  12271  58250
64888  173  64597  59569  14615  57588
64877  178  64584  58679  16484  57704
64874  165  64579  58225  18074  56249
64868  165  64579  58281  20117  54266
64871  165  64573  58516  23626  52464
64892  169  64572  59230  25369  52507
64870  175  64580  61359  27023  55168
64870  171  64582  64222  29092  59710
64882  170  64593  788  29625  64562
64878  174  64576  2483  28238  536
64882  157  64583  3052  24557  64242
64879  174  64580  3327  20091  62606
64864  174  64573  3466  16953  62131
64883  171  64580  3834  15012  61898
64869  158  64575  5339  14664  62950
64869  175  64573  5718  13833  64848
64888  176  64588  4763  14179  65031
64869  167  64576  2893  15023  64293
64862  171  64591  1223  14703  62722
64865  165  64589  65523  14370  60732
64874  164  64579  64620  14222  59458
64872  178  64591  63626  14578  59214
64879  177  64591  62000  17123  58286
64886  181  64588  60240  22154  56095
64876  185  64583  57021  24798  54888
64880  176  64593  53484  25948  53781
64871  173  64580  51434  28052  52176
64885  174  64575  50770  27422  52786
64873  188  64571  51753  26333  54219
64882  182  64587  53298  26074  55813
64884  178  64580  54456  23309  57023
64868  177  64581  55242  18679  56872
64871  173  64592  56794  13177  58209
64889  179  64583  57321  8512  60403
64886  177  64579  57129  5215  64596
64870  173  64585  55856  3510  1989
64873  153  64579  54993  4052  1838
64879  178  64584  55523  5003  64902
64874  162  64589  55768  6193  63779
64887  163  64586  55716  7978  63111
64877  167  64582  56550  9053  61796
64872  167  64585  57662  10228  60415
64873  156  64583  57678  11725  59774
64865  171  64583  57792  12854  60629
64862  174  64590  58609  14620  60608
64873  174  64582  59672  17550  58096
64875  166  64580  58428  20996  55213
64874  167  64581  55965  22948  54157
64886  156  64579  55562  23724  54092
64877  164  64590  57114  26772  55453
64874  166  64576  59147  29113  58084
64888  171  64596  61119  28808  59501
64868  184  64575  63373  26946  60658
64879  173  64579  65286  23405  61643
64883  174  64580  2064  18701  62996
64867  164  64581  3858  15162  63254
64877  166  64594  3900  14305  62740
64882  161  64585  3073  14508  62223
64883  171  64583  3054  15007  61200
64878  157  64580  2740  15463  60572
64881  173  64582  3598  15237  60734
64878  173  64587  3849  15497  61027
64878  168  64589  3423  15860  60862
64880  174  64581  2685  15640  60642
64877  171  64578  1020  17102  58726
64878  174  64579  63290  20218  56674
64871  174  64576  60986  22647  55014
64863  176  64586  60085  25244  54992
64875  172  64586  57893  29948  55300
64886  169  64577  54434  32160  54766
64880  173  64578  52612  30356  50672
64865  166  64582  53504  28024  49887
64878  172  64588  54289  26801  50512
64874  167  64593  55099  23843  52518
64867  169  64585  55686  20924  55392
64869  169  64589  56344  17532  57661
64879  168  64584  57150  13781  58945
64869  178  64580  58160  10582  60264
64883  176  64583  57596  8987  62069
64875  165  64594  56882  6572  64430
64871  157  64582  56230  5571  917
64883  173  64581  56291  5615  1142
64882  168  64592  57142  6904  243
64879  172  64582  57830  8356  63858
64869  166  64578  58555  9451  61968
64880  172  64584  58711  9512  61747
64885  176  64576  59115  9960  62478
64879  171  64584  59781  11983  61588
64875  173  64585  59562  14305  61233
64860  163  64589  57601  15711  61943
64880  179  64581  56834  17966  59024
64877  173  64577  56692  23300  55728
64875  171  64581  57478  25769  55581
64883  156  64579  58959  26354  55805
64889  173  64571  60629  26326  55215
64877  182  64585  62507  26247  55863
64873  182  64583  63491  25834  57707
64865  167  64585  63847  24665  60555
64875  177  64580  64567  21576  62504
64868  169  64584  65231  18934  63177
64873  181  64581  1308  16910  61743
64879  168  64587  3806  15770  60418
64874  169  64576  4850  14392  60171
64879  176  64582  4623  12651  60003
64876  181  64579  4403  11600  58811
64886  162  64580  4241  11849  57505
64893  163  64581  4102  13367  58124
64878  164  64577  3923  14370  59550
64873  176  64576  3714  14518  60796
64878  178  64576  2513  13966  61372
64871  164  64575  799  13991  60720
64887  171  64576  64426  15572  58161
64876  175  64561  60841  19779  55079
64878  164  64586  57991  23381  53385
64880  166  64579  55102  26163  53364
64878  175  64578  52472  30345  51391
64877  169  64581  51044  29832  51243
64878  166  64585  51829  27954  53233
64878  169  64566  53932  25127  54295
64880  179  64581  55756  21817  56056
64863  168  64586  57207  18698  56024
64859  167  64583  57594  16178  57247
64876  173  64579  58204  13650  58983
64888  160  64593  59573  11913  60751
64878  188  64579  60924  11381  61429
64879  167  64579  61312  11592  61844
64875  166  64585  59998  10941  62719
64875  168  64578  59176  10336  62613
64880  180  64591  58399  10248  62442
64878  178  64591  57735  10582  61300
64879  166  64594  57425  10114  61556
64869  171  64589  57676  9776  62845
64889  173  64582  57634  11603  63889
64874  176  64573  57008  13941  63513
64887  166  64581  56218  14724  63977
64870  171  64580  55592  16561  62255
64881  174  64583  55407  20245  59979
64880  180  64566  56413  19541  57871
64882  172  64577  58313  19968  56655
64880  170  64578  59643  22025  56326
64888  166  64577  59876  22374  57051
64882  162  64594  60456  22117  59085
64869  179  64583  61526  20633  60086
64894  175  64578  62383  19111  60337
64877  171  64574  64519  18077  59709
64864  175  64585  481  16750  60780
64875  186  64584  761  15682  61987
64872  171  64572  952  14696  62024
64881  167  64573  339  14106  60633
64877  170  64587  65324  13968  58968
64889  169  64582  65126  14399  58280
64885  183  64587  65415  14982  59308
64868  173  64573  169  15034  61066
64876  168  64587  515  15871  61235
64877  165  64583  65423  17940  59067
64873  176  64578  62798  20504  56894
64869  166  64581  60066  21616  54632
64880  178  64581  58342  21572  54194
64877  164  64587  57220  23761  54993
64869  166  64583  55226  26901  55235
64876  170  64586  54180  28556  53868
64865  168  64598  54205  27053  52230
64873  178  64588  54775  23564  51773
64879  176  64584  55861  20484  51710
64870  169  64592  56651  18183  53213
64871  169  64571  57406  16095  56782
64856  161  64574  58563  14208  57808
64868  168  64592  58620  13418  59607
64874  156  64584  57775  12884  61504
64886  170  64579  58154  11698  62439
64872  173  64585  58316  10936  63087
64887  173  64577  58578  9885  62384
64869  180  64581  57567  9070  62638
64864  170  64583  55765  9056  62196
64884  167  64580  53869  9882  61754
64888  179  64582  53424  9021  61398
64871  180  64583  53997  8007  59923
64881  181  64584  53885  9391  60295
64867  183  64591  51645  14825  62883
64870  181  64591  49926  16374  63418
64878  182  64582  51383  17293  58284
64882  167  64585  54727  18474  57534
64874  201  64606  54867  21431  59768
64888  173  64589  55525  21216  60699
64878  173  64582  56223  20018  59835
64873  166  64577  58245  18833  60023
64868  176  64581  61478  16640  60605
64881  177  64580  64090  14607  61501
64888  161  64580  63928  14395  62659
64864  176  64581  62489  15284  62453
64885  159  64578  61514  16437  59802
64879  176  64582  61653  16629  58391
64890  172  64575  62007  15335  58763
64886  170  64579  63940  14256  59023
64874  172  64580  481  13178  59981
64864  165  64590  1647  12906  61336
64856  166  64583  228  15654  60349
64866  156  64588  63206  17824  57810
64873  171  64585  59608  20302  55789
64882  172  64581  56786  23212  53813
64872  164  64579  53947  26823  52669
64880  171  64578  52197  27876  53751
64885  163  64575  52745  27086  53404
64870  168  64572  55812  23862  53096
64871  170  64583  57914  21098  54919
64868  183  64578  58413  19494  57960
64878  176  64588  58266  20097  59669
64881  166  64574  57379  19894  60217
64875  167  64580  56781  19342  60138
64881  177  64583  56438  18009  59412
64878  175  64575  56574  15791  59034
64880  169  64582  57167  14733  59228
64883  173  64590  56803  14221  60114
64873  161  64579  55931  13183  61010
64878  171  64587  55524  12058  61647
64873  168  64579  55213  11362  61925
64884  175  64580  54649  11688  61960
64876  168  64579  54971  11750  62388
64881  164  64586  55947  11446  62027
64876  169  64578  55591  10555  62657
64881  165  64585  54907  10257  63545
64880  164  64592  53813  11848  63452
64876  162  64595  52546  14654  61196
64876  165  64587  53201  16579  58955
64885  172  64586  55116  17552  57665
64879  164  64598  57623  18041  60144
64875  173  64587  59460  17487  61300
64871  172  64583  60490  16433  63848
64875  171  64578  60127  14423  62878
64877  162  64576  59860  13528  59289
64893  179  64581  60840  13094  57013
64880  169  64586  61361  13688  56900
64880  169  64583  61601  14115  57549
64869  168  64597  62674  14301  57106
64878  166  64569  61877  14639  56928
64875  167  64589  61140  15139  57188
64873  175  64582  60441  15979  57405
64870  175  64587  60805  16958  57571
64868  166  64588  61745  17569  57364
64874  165  64589  63209  18681  56749
64880  165  64579  61729  22122  56510
64868  167  64589  59049  26298  55472
64865  165  64589  57765  27781  54372
64877  175  64580  57695  25432  55282
64876  178  64579  56935  27410  56615
64875  178  64575  56972  29962  59282
64871  174  64586  58442  29853  62165
64889  165  64584  60926  27266  60555
64868  169  64579  62138  23937  57958
64878  175  64590  61753  22948  57657
64868  170  64577  59751  24401  57498
64863  180  64587  57702  25057  59152
64867  177  64582  55711  24625  60569
64879  175  64584  54793  21728  60867
64871  171  64586  55145  18768  60177
64873  169  64590  55076  16515  60996
64877  186  64582  54762  15239  62178
64878  163  64584  53732  14812  63296
64868  168  64588  53571  13416  62900
64884  157  64589  54094  12448  63313
64881  172  64576  53943  12565  63059
64875  171  64591  53348  11689  62252
64880  171  64583  52845  10412  62006
64870  170  64588  52822  9657  61674
64885  159  64585  52577  10036  61115
64881  172  64579  51209  12622  60948
64877  163  64584  51913  15147  61071
64862  167  64578  53417  16940  60477
64879  176  64588  54260  18493  58409
64879  185  64596  56630  20059  58862
64862  207  64586  58705  19543  59748
64880  168  64577  61120  20559  58834
64872  173  64595  61591  21189  57840
64868  159  64582  61045  20845  56999
64871  163  64580  60014  20165  56200
64879  173  64580  58911  19087  55204
64885  180  64589  58823  18219  54169
64891  169  64591  59012  16570  53497
64872  170  64577  59842  15118  52954
64886  185  64581  61251  13713  53207
64862  169  64584  62384  12856  54391
64867  169  64583  62688  12653  55465
64875  177  64572  61975  12649  56178
64880  172  64578  61482  12680  56288
64886  170  64590  60506  12208  55780
64879  169  64579  59771  12124  55686
64867  174  64587  59596  12405  56398
64865  161  64589  59886  13029  56335
64885  175  64580  60351  13776  56261
64861  176  64592  60381  14501  56442
64875  187  64581  59841  15650  56329
64883  186  64582  59082  17804  56542
64881  161  64577  59488  18889  56608
64880  163  64582  60503  19884  57706
64872  156  64588  61273  20737  58230
64887  181  64581  61570  21895  57878
64878  169  64581  61466  22635  57054
64873  171  64577  61172  23094  56229
64883  176  64581  60535  22986  56383
64866  183  64575  60771  22303  57519
64887  172  64577  60816  21825  59815
64878  175  64588  60696  22470  60717
64874  173  64587  60079  23193  60688
64885  166  64581  59140  23223  59681
64875  170  64581  58345  23446  58353
64861  162  64585  57786  23568  58019
64872  164  64585  57123  24176  59041
64871  156  64588  56740  24519  59431
64887  162  64587  55938  24708  60236
64882  163  64575  54535  24275  60967
64875  169  64573  53716  22892  61121
64869  161  64577  52786  20842  60459
64885  169  64587  52689  18964  60927
64876  166  64579  53266  17248  62028
64885  167  64583  53731  15644  61988
64861  166  64576  54111  13857  62065
64876  163  64582  55195  12790  62941
64868  175  64586  56197  11304  63563
64874  178  64581  56668  10049  64118
64889  173  64577  56989  8662  64731
64874  176  64581  56902  8143  64259
64864  170  64586  56679  7777  64136
64879  179  64588  56085  8615  63418
64868  178  64577  56777  9904  62761
64879  176  64587  58190  11324  62041
64890  187  64571  59272  12591  61276
64859  177  64572  59620  14383  60257
64850  179  64583  59157  17605  58889
64877  182  64590  57574  20174  57869
64874  179  64578  57693  20971  56549
64881  174  64590  57511  23442  54389
64759  87  64569  59039  28104  54080
64855  159  64594  64777  27946  59381
64829  190  64585  62570  22476  54327
64878  169  64581  57642  16678  52228
64888  178  64570  60706  18858  52548
64870  191  64576  64679  20477  54175
64877  159  64574  64899  21857  58312
64874  166  64590  63033  21771  60684
64872  166  64577  62867  20527  60065
64884  171  64582  63744  16909  58980
64876  155  64576  64202  14479  58824
64860  164  64579  63944  12624  58983
64866  173  64583  64848  12912  60318
64851  165  64582  65399  12825  63146
64886  181  64578  65325  12490  65243
64869  161  64600  64610  12703  64232
64888  170  64566  64046  13787  62707
64886  185  64591  64163  14874  61418
64877  165  64572  65250  14777  62559
64886  173  64589  189  13825  64485
64871  170  64578  31  14553  65224
64876  168  64585  64986  15602  65043
64878  172  64583  63832  15979  63751
64871  169  64583  62430  15336  61932
64871  166  64580  62035  14463  62074
64883  162  64584  61899  14677  63983
64873  174  64579  62439  16213  63433
64877  173  64587  61768  18903  60674
64897  179  64592  59419  21284  59501
64857  167  64574  56996  23072  57540
64867  172  64565  53146  27969  53692
64876  179  64580  49819  32287  50938
64873  168  64583  51582  31440  50813
64870  185  64583  53424  27014  57051
64879  175  64582  55961  23044  58021
64863  172  64571  57106  19738  57151
64877  187  64570  56652  17752  57775
64904  175  64587  55100  14409  59758
64878  175  64583  55443  11509  62149
64884  176  64583  55806  9368  64163
64877  179  64583  56676  8967  65453
64872  162  64592  56519  9149  418
64872  172  64589  56578  8639  64324
64878  159  64605  56115  7817  62953
64886  175  64572  55528  6903  62770
64866  167  64593  55667  7447  62949
64870  165  64590  56417  9661  62547
64877  180  64593  56179  13289  61343
64884  167  64582  56052  15914  59713
64879  178  64578  56476  17192  57857
64880  170  64580  55524  21308  56267
64891  165  64580  54371  24065  56436
64871  180  64582  54683  25646  57095
64865  158  64583  56298  25855  58346
64878  167  64582  60030  24318  60718
64882  168  64567  63407  20941  62385
64876  179  64582  7  17401  63057
64879  160  64585  65321  14954  62095
64866  182  64582  64347  14765  60695
64874  169  64587  64363  15904  59490
64874  167  64566  65437  17437  60813
64882  170  64577  122  18114  63133
64881  158  64583  467  17501  62544
64879  163  64573  812  15762  60263
64872  174  64580  1513  14463  58861
64868  173  64576  556  15596  59000
64877  186  64577  65335  17891  58548
64880  165  64592  63066  20669  58502
64865  172  64582  60119  22872  57524
64870  179  64581  56026  25582  56786
64880  168  64580  53604  26990  56133
64872  179  64576  53235  26039  53817
64889  172  64581  54311  25238  52601
64862  172  64563  54627  24427  52868
64879  174  64584  54629  22812  52307
64882  179  64575  54713  20927  54233
64871  175  64586  56475  19084  56425
64881  171  64590  57091  17793  58871
64874  180  64580  56866  17273  60730
64881  164  64567  56587  15928  60907
64884  172  64575  55986  13904  61380
64868  173  64583  55827  12495  60850
64881  169  64581  56461  12334  61690
64890  174  64579  57051  11168  62347
64872  166  64577  56814  10117  62900
64880  169  64595  56668  9185  63385
64874  166  64583  56430  8733  63627
64866  166  64583  55714  10890  63156
64895  178  64578  55824  13864  61421
64876  159  64585  56706  16558  59705
64873  188  64591  56961  17169  58123
64880  172  64584  57658  15998  58333
64885  176  64587  57878  16797  60290
64875  158  64581  60316  18070  61526
64875  175  64595  62573  17172  64391
64869  170  64580  63956  16741  224
64875  173  64600  62967  16167  64960
64876  164  64591  62682  15661  63294
64885  178  64585  62336  15485  61212
64881  177  64590  64184  16483  60288
64878  178  64585  64414  16703  60889
64883  170  64592  64845  16854  61465
64874  174  64592  65081  16411  61640
64859  182  64581  65439  16897  61354
64879  183  64584  1605  18990  60852
64891  174  64580  231  21788  60421
64867  167  64582  61861  25159  59505
64875  162  64593  59030  27213  58369
64874  178  64587  58063  27323  56403
64864  164  64582  58612  27353  54212
64876  176  64581  58369  28155  53629
64879  171  64580  57665  27516  53694
64883  176  64577  57351  24788  54748
64876  165  64579  58287  19953  57682
64882  177  64590  60164  16394  59498
64867  174  64592  62090  15247  60551
64890  167  64581  61566  14937  61476
64887  176  64583  59479  15364  62625
64895  177  64584  56846  15267  63110
64886  169  64587  56088  13704  63034
64882  163  64592  56497  11909  62909
64869  172  64579  57383  11308  63725
64878  154  64578  57860  10736  64647
64867  174  64576  56997  10522  65402
64877  167  64591  56248  9831  64181
64885  165  64578  55193  9866  63221
64885  175  64585  54640  13059  62030
64878  161  64586  54322  16435  59746
64893  173  64585  54864  17484  57769
64864  166  64588  56198  18820  58007
64887  215  64578  58125  19401  59859
64878  176  64579  60081  20376  62261
64870  167  64586  61374  19214  63588
64878  175  64587  61951  19229  63660
64877  170  64582  63152  17998  63181
64876  176  64565  63743  16394  61477
64875  162  64587  64521  15834  61897
64880  161  64590  65256  16155  62027
64864  175  64588  65047  16022  61798
64874  166  64579  65120  14807  62685
64889  187  64576  186  13890  62590
64870  171  64584  524  13282  62317
64880  170  64575  1188  13597  62256
64877  174  64585  1051  15111  62680
64878  183  64578  64469  19298  61167
64873  179  64575  61708  22707  59903
64878  172  64590  59701  23289  59389
64883  175  64582  56921  26002  56365
64874  179  64579  53737  30631  52113
64868  179  64580  52378  31676  51573
64883  185  64584  52383  29370  53991
64890  170  64590  55078  24346  54900
64873  174  64594  57333  21105  55248
64884  169  64570  58326  19742  55802
64865  171  64570  57153  18725  58311
64877  172  64581  56945  16471  61833
64888  177  64583  57706  13797  63312
64881  166  64592  58921  11219  64212
64869  172  64567  59626  10102  64103
64867  164  64587  59371  9871  64647
64884  182  64573  58469  9393  65170
64856  158  64588  57902  8980  190
64868  166  64573  57836  8666  65225
64872  172  64593  58888  8961  63356
64889  161  64582  58512  10420  62835
64883  165  64581  57387  13017  62097
64860  174  64580  55006  13494  61916
64872  178  64584  55067  13100  61249
64892  172  64570  56678  14340  59870
64883  173  64582  57659  17116  58304
64874  160  64586  57985  19166  57763
64871  166  64590  56989  20872  57532
64879  184  64584  56592  22181  58644
64882  162  64577  57543  23330  60897
64885  171  64584  58966  24036  62393
64878  169  64587  60303  23313  62236
64881  178  64592  61222  21923  61254
64878  164  64591  61630  19326  61247
64878  171  64574  62269  18467  60899
64870  173  64583  65163  17278  62222
64874  172  64597  1379  16166  65227
64881  170  64579  2171  14725  402
64874  170  64579  1788  13938  62720
64876  187  64586  64765  13623  60991
64874  167  64585  61981  13812  60717
64885  175  64576  63295  13449  61497
64863  172  64588  64588  14280  61080
64888  162  64579  64886  16014  60647
64872  160  64582  62728  18084  58941
64882  173  64580  59004  21247  58704
64887  175  64577  55454  23659  56249
64881  173  64591  52633  24748  55186
64861  168  64570  52709  25198  55284
64876  186  64587  51837  25478  55292
64886  178  64586  51325  25892  54626
64872  178  64575  51395  25441  55489
64870  170  64582  52267  21249  56561
64881  170  64583  54320  16405  57998
64876  173  64571  57442  14619  59577
64880  171  64575  58285  14438  60973
64890  171  64598  56909  14271  62499
64880  170  64573  54565  12810  64751
64884  169  64580  54351  10952  65193
64877  164  64578  55757  9871  65043
64873  159  64602  57180  9676  65333
64861  171  64585  56892  10176  65376
64877  154  64588  55732  9933  65529
64866  157  64582  54717  9733  63847
64860  156  64580  54285  10747  62121
64867  170  64588  54585  13406  61755
64884  162  64577  54596  15375  61547
64874  168  64590  54602  16983  60999
64871  166  64592  54698  18495  60061
64874  174  64581  54757  19819  59696
64894  186  64584  55403  21521  60731
64876  170  64585  57396  21585  62034
64882  177  64579  59989  20493  62984
64872  161  64571  61862  19280  62371
64875  164  64583  62163  18676  60865
64873  174  64581  62137  18088  60339
64883  164  64586  61660  18174  60372
64874  170  64587  62613  18071  59969
64864  172  64575  64803  17197  60133
64865  171  64573  992  15947  61685
64877  177  64585  1322  14479  62681
64874  165  64567  548  13396  62479
64871  182  64581  64116  13066  60904
64876  177  64577  62362  14851  59371
64866  156  64578  60832  17462  58453
64880  163  64586  58796  20376  58971
64897  171  64591  54996  23967  57533
64888  173  64592  52521  25972  56003
64884  175  64576  52076  26456  55026
64879  184  64580  53230  25404  53967
64870  177  64583  54572  23631  54348
64884  164  64587  56111  21095  55496
64872  170  64579  57233  19021  57300
64871  178  64583  57833  17983  59091
64882  170  64574  57557  17692  60781
64878  169  64596  56597  16293  61916
64879  158  64590  56513  13797  62138
64876  175  64587  57238  11974  61452
64879  157  64583  58712  11725  61653
64870  165  64596  60312  11624  63461
64876  163  64574  59198  11413  65424
64874  166  64580  56715  11311  65094
64882  167  64583  54993  11136  63771
64875  172  64580  55579  10733  62700
64879  165  64587  57136  12128  61489
64873  182  64581  58776  13962  61927
64870  179  64583  58889  14971  62613
64871  173  64576  57277  16695  61388
64899  179  64583  55220  18335  58142
64870  165  64581  55588  19574  56353
64878  171  64585  56895  21214  56634
64872  166  64583  59378  21388  59570
64876  176  64593  60975  20464  62393
64883  165  64571  61345  18958  63053
64853  181  64584  60664  16763  62315
64860  169  64581  61432  16889  59790
64874  169  64585  63978  15842  60083
64862  162  64578  64799  14368  61220
64884  169  64572  63860  13583  61596
64875  177  64595  62606  13305  60058
64889  174  64585  62007  13685  58288
64878  178  64576  63649  14677  57218
64875  184  64577  64682  16191  58071
64898  174  64584  64479  16996  60157
64872  174  64572  63012  18035  60269
64879  178  64589  62058  16591  59258
64870  169  64589  61323  16191  55595
64877  182  64588  60515  18810  52753
64880  175  64570  57095  22178  54217
64882  166  64586  54148  24874  57978
64886  178  64593  52955  25614  57830
64868  177  64582  53926  25164  55975
64875  188  64591  53945  24450  56814
64893  172  64589  52224  24826  59584
64875  172  64589  51129  24126  61114
64885  172  64574  52973  23344  59423
64883  173  64579  55357  22566  58641
64866  162  64571  55848  21039  60135
64861  154  64605  55126  20115  62212
64882  173  64578  54952  18727  63351
64889  150  64595  56344  17371  64070
64880  171  64596  57380  16304  63933
64871  172  64571  56908  14976  63227
64882  177  64583  56336  14229  62310
64852  162  64581  56091  13828  62695
64885  167  64588  56458  13052  62367
64881  178  64580  56612  12714  61445
64869  171  64583  57650  12711  60843
64858  175  64581  56473  12607  60802
64881  161  64578  55653  12946  60039
64872  161  64587  56182  12112  60079
64867  151  64578  55696  12446  60412
64872  169  64573  55991  15296  59742
64881  173  64589  55568  18056  59657
64872  178  64573  55471  19695  58637
64874  168  64571  56133  18545  56865
64864  183  64573  57301  16556  55644
64886  184  64567  59508  15044  56109
64880  171  64579  60592  15117  56700
64880  171  64591  60033  15737  56492
64870  175  64578  58680  18892  56987
64877  173  64586  58069  20597  59440
64863  154  64583  58241  20673  60429
64876  178  64579  58894  19051  58981
64883  186  64582  60554  17628  57331
64870  169  64580  61995  16144  56853
64878  174  64566  62137  14856  57819
64900  169  64591  61438  14674  58552
64889  164  64598  61240  14651  58862
64865  177  64567  61130  14074  58870
64884  162  64575  61878  13368  58510
64896  154  64581  62767  12820  58201
64869  181  64580  63037  12979  58659
64883  167  64579  62511  12980  60340
64887  152  64587  61667  12995  61094
64875  179  64583  61168  12834  60957
64876  183  64577  60746  12476  60203
64890  169  64570  60299  13460  59825
64871  165  64587  59668  15785  60759
64880  163  64581  60001  17730  60812
64885  170  64583  60427  19042  59420
64882  167  64588  60503  19430  59240
64864  169  64581  60447  19859  58982
64884  166  64597  58366  23323  57457
64876  178  64575  57200  24873  57842
64889  175  64588  57000  24560  58770
64875  170  64582  58029  22831  59183
64877  169  64586  59063  20559  60975
64885  172  64580  59168  20589  61657
64866  170  64589  58869  21672  61757
64878  174  64580  58197  22483  61046
64887  158  64572  58157  22767  60123
64880  174  64583  58428  22376  59812
64861  179  64592  58623  22608  60170
64884  181  64578  58272  23087  61258
64859  170  64577  57337  22843  62537
64877  171  64581  56170  22051  63539
64869  172  64582  55454  20523  63402
64879  179  64580  54848  18692  62560
64878  182  64591  54803  17030  61820
64882  172  64588  55259  15614  62254
64872  169  64594  55833  14261  63081
64871  166  64581  56522  12580  62994
64881  162  64581  57324  11041  62370
64870  184  64583  57098  9903  62821
64877  169  64583  57303  8035  63615
64886  164  64588  57936  7626  64160
64876  184  64584  58457  7714  63991
64881  184  64587  57845  8502  63147
64878  169  64590  57133  10264  61937
64880  155  64586  57164  12180  61149
64882  174  64588  57953  13930  60512
64875  169  64582  59099  16035  60020
64890  178  64582  58397  18497  58842
64874  173  64578  57221  20922  57567
64870  188  64590  56102  22968  56216
64876  164  64588  56751  24962  56374
65001  23  64628  58055  23012  57130
64858  140  64588  58869  19654  54426
64878  156  64573  60314  18483  53647
64864  169  64576  62727  18724  54037
64877  156  64584  63650  19771  56410
64869  159  64580  62679  20614  59684
64877  161  64591  62035  20230  60936
64883  167  64583  63026  19228  59864
64875  165  64580  63422  16471  58844
64875  181  64571  63786  14561  57752
64867  179  64581  64349  13978  57604
64877  163  64587  64830  13983  57716
64881  166  64578  64587  14170  58980
64886  169  64585  64491  14063  60297
64879  178  64569  64422  13960  60363
64880  173  64589  64376  14034  60043
64871  171  64584  64693  13671  60226
64860  178  64570  64776  13016  60467
64868  173  64588  65434  12128  61496
64894  169  64583  704  12698  62975
64876  178  64574  64680  14188  65043
64864  172  64581  62539  15831  64891
64862  176  64583  60967  16542  63124
64875  169  64584  60936  16199  61905
64869  170  64591  61361  15109  60423
64869  164  64569  61574  15070  59712
64866  177  64588  61250  15079  60464
64888  157  64583  61163  14891  60956
64851  172  64574  61435  14301  61279
64884  163  64573  61539  14200  60698
64879  170  64587  60799  18053  58298
64871  173  64572  58976  21445  57150
64887  158  64582  57986  22570  58538
64868  155  64585  55627  27548  56971
64884  165  64585  53017  31994  53596
64876  157  64584  54106  28857  54333
64893  168  64577  59094  23803  57896
64883  174  64578  61668  22660  59654
64870  166  64567  59878  24914  57748
64887  164  64579  55552  25521  55814
64876  162  64579  54789  21141  55968
64878  161  64587  56888  15974  58110
64883  157  64588  59832  13349  59313
64879  164  64585  61276  12054  61558
64890  178  64584  60206  11288  62601
64866  177  64571  58823  9409  62592
64873  183  64588  57614  7643  62468
64873  185  64581  56921  7356  63249
64888  164  64590  57616  7968  63888
64886  186  64583  57689  8106  64379
64867  170  64569  57125  8153  64002
64862  162  64575  57798  8608  63337
64882  178  64570  58491  10002  63086
64876  165  64578  59433  11646  62484
64879  166  64580  60698  12473  62578
64875  168  64578  60878  13824  62722
64875  161  64588  59992  16146  62931
64890  183  64592  58027  18600  61194
64874  171  64581  56539  20805  59609
64866  168  64574  56111  22715  57973
64882  185  64576  56872  23595  57255
64884  173  64580  58702  24153  57485
64876  164  64597  60132  25912  58450
64869  164  64583  60937  26996  60291
64881  174  64597  61067  25565  61481
64874  165  64593  61308  22590  61153
64870  182  64573  64019  19081  60592
64879  177  64590  993  16221  60259
64874  171  64581  1809  14342  61888
64870  177  64581  1852  13864  63512
64884  162  64592  2098  13954  64016
64880  172  64588  2307  12848  63532
64887  172  64567  3272  12501  62025
64862  171  64587  3613  13162  60854
64865  165  64584  2701  14340  60374
64889  167  64600  785  14925  60547
64874  160  64582  65206  15007  60565
64886  169  64578  64979  14532  59840
64882  147  64573  64333  16475  57955
64862  156  64581  62267  20675  54974
64876  169  64580  58437  24413  55081
64865  167  64574  55543  26759  56650
64868  175  64572  54936  29370  54617
64882  157  64583  56463  29138  53650
64866  178  64589  56754  26518  54964
64872  171  64583  56080  25181  55768
64881  182  64582  54663  24710  54503
64883  172  64581  54396  22449  54719
64880  166  64588  54907  18170  56518
64876  163  64579  56736  13972  58749
64873  181  64584  57122  11539  60826
64870  179  64585  55630  9799  63715
64867  170  64583  54532  7866  1059
64872  167  64579  53887  6948  1628
64863  185  64594  55110  8100  65095
64892  175  64585  56469  9649  63019
64873  183  64573  57592  10109  61973
64873  166  64580  58380  10891  62301
64867  174  64589  59530  11536  62091
64895  180  64582  59132  12385  61666
64885  165  64579  59304  12966  60908
64868  169  64582  59517  13580  61226
64876  169  64596  59805  15569  61255
64859  181  64583  59356  18919  59493
64894  189  64581  57735  20553  57513
64885  171  64594  57783  21140  57249
64878  164  64591  58768  23686  58003
64888  173  64573  60903  26920  59944
64883  177  64580  63453  27356  61576
64859  186  64572  65203  25545  60322
64877  185  64586  65287  22005  59190
64876  178  64582  65144  17987  59310
64888  169  64588  400  15605  59734
64872  169  64582  1967  14311  61388
64881  168  64586  3028  14017  63086
64871  176  64569  2730  14498  64048
64891  154  64582  1416  14854  64212
64884  164  64590  163  14627  63759
64882  172  64573  678  14999  63314
64874  168  64585  1906  15665  63380
64886  169  64586  2574  16188  64789
64874  169  64571  2297  15569  64141
64887  166  64574  1311  14476  62678
64878  170  64589  63943  16085  59710
64877  178  64585  60243  18908  56702
64879  176  64570  58033  21087  55417
64885  170  64569  56572  23996  54702
64872  168  64573  55072  27629  53729
64882  160  64585  55082  27550  54381
64875  167  64573  56176  25963  55736
64867  167  64585  57600  24975  55707
64861  176  64591  57768  23827  55655
64885  171  64582  59306  22630  56822
64886  178  64578  59777  20137  58263
64862  183  64577  61190  18726  58392
64892  188  64572  61890  17125  58454
64873  173  64580  62356  16079  58765
64880  159  64587  60778  14616  60752
64865  174  64578  59492  13045  62865
64869  187  64569  59060  10488  64054
64873  153  64582  59620  8975  64420
64867  159  64578  58712  8709  64809
64876  188  64587  57489  9124  984
64865  161  64581  56900  9782  2669
64858  178  64574  57392  10760  1883
64886  185  64570  57092  11969  985
64881  179  64585  57185  13536  64421
64897  173  64583  57657  13582  63180
64871  179  64587  58563  13836  62234
64876  172  64579  59120  16269  61512
64874  173  64586  58807  19899  60879
64866  172  64575  58193  20659  60570
64882  180  64583  57361  22267  60892
64870  167  64583  57442  24007  61552
64883  171  64596  58431  24604  61972
64888  175  64590  60313  24623  62042
64890  167  64587  62313  23274  61688
64891  174  64571  63073  21371  61141
64874  166  64591  63674  19708  61780
64872  169  64581  64471  17381  61462
64889  157  64580  424  16222  61168
64868  160  64587  1891  14969  62093
64866  187  64577  2160  15110  64063
64870  158  64588  1017  16133  64849
64882  178  64588  65388  17290  64432
64876  153  64574  65068  17304  64108
64863  167  64576  65416  16562  63007
64869  166  64585  1524  16632  61967
64861  172  64584  2605  16471  62409
64878  191  64578  2746  15798  62343
64880  182  64581  115  16979  61669
64887  168  64588  61948  20309  59019
64875  171  64589  58706  22520  57526
64887  182  64577  57087  23341  56112
64881  179  64571  55364  27284  55094
64887  177  64584  53664  29053  54683
64873  167  64592  53780  28046  56079
64887  176  64585  55332  26256  56989
64885  178  64575  56793  25344  56386
64874  178  64597  55958  23465  55380
64873  163  64590  57114  20554  56764
64884  177  64572  57594  17043  57833
64884  182  64577  58857  14699  59058
64884  175  64585  58838  14286  60733
64891  164  64589  58370  14264  62439
64869  157  64592  57519  12678  63997
64897  182  64580  57217  10515  63463
64886  180  64585  57897  7635  64119
64871  152  64575  56758  7767  65450
64878  164  64594  54804  7587  335
64883  178  64582  53938  6686  994
64871  173  64574  53724  6871  65384
64869  148  64578  53936  8656  63638
64874  167  64579  55011  12390  62491
64871  158  64573  55743  15449  61407
64871  160  64584  54788  17958  60756
64889  164  64582  54478  19803  58724
64870  167  64592  55287  20927  56638
64883  163  64582  56174  20036  56708
64879  193  64568  56523  21781  56171
64878  161  64591  56951  24903  59576
64879  173  64578  58060  24527  60825
64875  169  64579  59599  22970  64428
64883  173  64585  62513  19903  64101
64871  164  64590  63878  17967  62347
64875  164  64588  64512  17361  61557
64882  165  64591  64261  18599  62415
64870  175  64573  65234  19436  64389
64882  163  64593  805  18680  592
64884  188  64581  1776  17284  64271
64873  171  64591  2760  15820  62260
64869  170  64585  2676  15771  61435
64889  171  64581  3004  16631  62062
64870  163  64582  2138  19772  62585
64857  166  64587  552  23524  60515
64877  186  64586  64970  24523  59058
64878  171  64566  63376  25076  57651
64862  170  64578  62056  27871  54905
64863  175  64578  58676  30005  53374
64876  175  64584  55935  30579  53295
64892  191  64588  55035  29065  54556
64869  161  64582  55250  27048  56012
64879  174  64579  55673  25177  57338
64885  163  64586  57025  22128  59139
64868  176  64590  58448  18915  60513
64890  178  64581  58822  17108  59719
64881  180  64581  58510  15424  60799
64875  172  64575  57980  14657  62833
64866  168  64590  57698  14135  63652
64875  162  64571  57810  13345  64339
64885  174  64583  58142  13081  64584
64875  168  64584  57892  13162  882
64876  174  64578  56234  12215  692
64882  174  64580  54525  10637  81
64880  176  64579  53727  8831  63588
64868  166  64590  55494  8329  61686
64859  157  64596  57358  9013  62034
64870  168  64582  57726  10861  63184
64878  165  64577  57460  13162  62519
64883  166  64585  55841  16517  60364
64883  168  64600  55642  19003  59960
64873  167  64590  56733  21344  59526
64867  182  64576  58186  24108  59026
64883  181  64587  60254  24803  61076
64877  173  64582  61778  24107  62001
64881  167  64575  61952  22067  63209
64868  165  64585  62363  21181  62098
64869  174  64599  63664  20383  60834
64893  169  64585  65124  20233  60648
64871  183  64586  184  19597  61055
64867  167  64581  819  18190  62467
64876  171  64579  876  16480  62355
64888  176  64567  752  15968  60489
64895  174  64586  2047  16709  58540
64876  169  64577  2603  15676  59457
64881  172  64586  2185  14198  62019
64883  153  64577  1326  13875  62842
64874  173  64580  884  14394  61660
64872  168  64585  510  18009  59620
64879  165  64593  64412  20145  58639
64878  160  64579  62616  21710  58792
64887  163  64576  60167  25486  56456
64889  151  64574  57642  31835  54555
64874  182  64578  55683  32760  55130
64868  166  64575  55923  32760  56407
64881  167  64576  57148  28554  56758
64884  161  64583  57047  26713  56144
64883  176  64574  57576  25628  57331
64873  169  64583  57046  24144  58234
64878  163  64602  57004  21735  59220
64857  159  64587  54914  17526  63784
64876  170  64580  55275  13982  63645
64848  152  64577  56041  12077  63117
64879  184  64594  57340  11170  62887
64868  172  64582  57696  10982  63713
64881  181  64581  57635  10760  64309
64870  182  64571  57271  10177  63507
64878  172  64573  57184  9781  62764
64863  186  64576  57825  11301  61721
64866  163  64575  58200  13542  62117
64858  170  64577  57601  14336  62404
64877  169  64591  57075  14570  62488
64880  174  64582  57731  14345  62013
64881  178  64581  59213  14554  61215
64879  183  64581  59976  15080  61100
64874  169  64573  59661  16766  60051
64883  169  64576  58909  17580  59451
64881  165  64581  58628  18445  59146
64865  158  64573  59681  20685  59879
64870  176  64577  61863  21364  60621
64875  171  64572  63776  21039  61270
64864  165  64581  64757  19426  61160
64865  153  64592  63993  17573  60089
64870  175  64575  62832  15950  58669
64880  173  64590  62390  15559  58036
64889  174  64581  63902  15477  57108
64884  179  64579  64062  15198  57422
64879  189  64575  62971  16176  55766
64876  162  64581  62425  17786  53178
64888  168  64577  60911  18873  52959
64887  161  64580  61401  17870  55601
64863  150  64572  61939  17687  58908
64893  174  64592  62790  17474  59173
64879  172  64587  62930  17961  57736
64890  165  64583  61709  20775  55955
64879  182  64579  59420  21693  54674
64869  156  64576  58586  21741  54492
64873  159  64588  57962  24866  56800
64869  171  64576  56249  28279  58718
64871  159  64591  54822  28321  57126
64871  165  64574  53941  26730  55786
64862  175  64578  53639  25072  55666
64876  174  64582  52736  23933  58040
64885  180  64577  54023  22295  58945
64873  178  64585  55253  20786  59823
64861  164  64579  55556  20272  60073
64880  192  64571  55620  18822  60905
64883  171  64590  55698  17887  61211
64863  175  64581  55173  16811  62010
64867  170  64592  56225  15622  62489
64863  173  64602  55569  14209  62620
64869  176  64580  56152  13669  61014
64866  179  64588  57060  15967  59607
64882  188  64575  57527  16102  61541
64876  166  64575  56867  15762  63061
64870  173  64575  55296  15939  62648
64884  176  64592  54936  16185  61147
64879  182  64576  54378  17130  59880
64866  159  64570  55026  17650  60287
64884  169  64593  56261  17729  61274
64884  171  64571  54805  17650  62593
64876  166  64578  53512  14718  63703
64888  158  64580  55168  12036  62711
64871  176  64578  57173  11841  60248
64879  181  64568  59419  14357  59479
64868  190  64578  58983  16971  61674
64874  156  64586  57716  17430  63251
64877  157  64585  57382  17726  63121
64877  171  64587  57127  17038  60428
64878  182  64581  58519  17264  58149
64880  171  64584  60609  17386  56884
64872  159  64577  61774  16757  56525
64871  180  64580  61860  15632  56357
64874  175  64598  61532  14703  56423
64870  190  64592  60961  13899  56638
64875  160  64582  61320  13631  56216
64879  168  64565  61931  14418  56078
64878  166  64588  62389  14475  56863
64874  176  64590  61775  14559  58873
64874  173  64590  61856  14434  58619
64882  164  64582  62531  14269  56731
64881  167  64586  63301  14304  56523
64890  171  64594  62813  15386  57222
64884  174  64567  61484  17394  58024
64874  160  64575  60664  18283  57286
64888  181  64589  61070  18581  57011
64865  167  64577  61098  20823  56797
64886  171  64576  59413  25579  56210
64869  194  64582  58507  27917  56569
64885  167  64600  58652  28234  57845
64879  158  64577  61150  25283  60037
64881  182  64595  63762  21599  61511
64883  183  64578  64516  19921  61889
64871  167  64591  63797  19776  62463
64874  165  64576  62449  19866  63900
64877  177  64581  61722  20220  147
64869  179  64578  62306  20615  65204
64889  181  64581  63146  20889  64318
64882  182  64585  62572  20895  63838
64894  184  64577  60928  21614  63271
64878  167  64581  58858  21971  63887
64892  171  64573  57669  21341  64605
64879  169  64589  57248  20333  64238
64873  165  64582  56963  18977  63350
64877  164  64578  56518  17882  63509
64872  166  64593  56150  16524  63715
64880  163  64583  55739  14951  65130
64874  169  64588  55198  13147  9
64882  185  64580  55527  11484  395
64886  161  64572  56003  10336  64798
64883  165  64580  55738  9935  63850
64881  165  64581  54984  8639  62591
64866  163  64590  54560  8933  63017
64871  162  64574  55383  11072  63810
64881  166  64589  55970  13564  62960
64855  163  64589  56910  15518  60804
64873  164  64578  57729  17171  58769
64865  164  64580  59278  18019  58588
64884  175  64567  59142  19587  59307
64880  172  64570  57993  20813  59089
64879  173  64572  57273  21794  58092
64881  172  64579  57338  22086  57140
64884  168  64585  59063  19774  57681
64871  180  64577  60704  16610  58284
64866  177  64578  61520  15276  57425
64876  165  64573  61660  16296  56680
64889  176  64585  61270  17650  57684
64877  184  64577  60785  19088  58983
64871  168  64584  60948  19362  59182
64866  166  64588  61326  17899  58751
64879  172  64588  62080  16342  58857
64854  167  64569  62438  15020  59598
64863  168  64579  63286  14536  61050
64879  170  64586  64234  14510  62100
64862  168  64577  116  14665  64430
64869  165  64579  174  15055  74
64869  167  64572  34  15247  777
64868  165  64580  64997  14599  64796
64891  166  64578  65168  13773  64100
64870  159  64588  65298  13700  64024
64863  151  64586  88  14477  63817
64867  168  64578  65293  15649  63886
64888  162  64566  64822  16101  64505
64897  158  64590  64593  15575  64865
64886  167  64586  64027  15622  64197
64889  176  64578  63385  15325  63431
64870  161  64589  62679  15001  63052
64872  171  64586  62504  15020  62727
64890  178  64574  61494  17570  61327
64885  167  64582  58355  22487  58956
64877  163  64576  56022  25264  57906
64878  161  64570  55531  25844  57171
64885  162  64586  55957  26558  56839
64884  176  64579  56126  27485  57324
64872  170  64591  55589  26964  57894
64888  182  64579  55532  25995  57978
64860  167  64596  55551  23597  58546
64876  176  64583  56663  18977  58906
64868  171  64586  58545  14826  60048
64899  171  64587  58980  11579  61369
64879  164  64579  59074  9306  62189
64881  169  64574  57993  8335  63507
64868  159  64588  56802  6768  65292
64870  177  64577  55721  6112  65246
64870  161  64577  56239  5920  64323
64875  173  64577  57744  7522  63116
64879  174  64595  58912  10281  62493
64874  179  64579  59170  12533  62194
64867  178  64573  58364  13564  62051
64875  174  64587  58000  13132  62202
64881  180  64573  57979  14753  61899
64877  154  64584  58879  17232  60702
64880  171  64578  58676  19751  60103
64880  174  64590  57726  22167  59948
64858  178  64591  57522  23600  60146
64875  175  64596  58522  23712  61094
64861  174  64575  60078  24681  61442
64878  171  64594  60721  25222  61571
64883  158  64573  60576  23720  61828
64886  168  64583  61131  20604  62057
64881  173  64597  62019  17541  60729
64891  173  64600  64063  16377  59847
64892  185  64591  1196  15634  60369
64883  165  64590  1549  15566  62205
64873  168  64574  282  16499  64118
64892  147  64585  64144  17068  64459
64882  159  64582  64557  16201  63167
64887  175  64593  235  14771  62084
64877  180  64579  1701  13585  62030
64886  155  64584  1162  16048  61127
64885  164  64586  64522  19769  59177
64873  166  64588  62099  21135  57862
64875  182  64590  59971  22902  55743
64873  164  64588  57162  26181  53648
64881  173  64571  54879  27339  53433
64877  178  64585  53496  25922  54680
64874  170  64570  54508  24841  54108
64885  177  64584  54331  25598  52664
64866  162  64581  53777  25485  52919
64879  182  64582  53438  23497  54185
64877  172  64583  56299  19763  57902
64869  178  64575  56934  15904  60197
64878  176  64589  59937  14130  61095
64884  182  64569  61217  13497  62225
64889  177  64582  60804  12679  62944
64875  169  64595  59302  11774  63041
64866  174  64572  58387  10986  63500
64858  180  64591  57329  10978  62513
64892  182  64583  56330  11332  63812
64892  175  64586  57955  10764  64339
64872  161  64589  58168  10015  65165
64874  171  64570  57810  9329  65172
64886  187  64583  57068  9585  63727
64881  180  64573  56712  10355  61335
64875  168  64575  56743  11302  59964
64877  160  64580  57874  13327  60792
64865  161  64571  58004  15797  61341
64889  181  64582  58155  17572  59999
64877  178  64582  57194  20299  57041
64883  179  64577  57125  20849  55752
64887  239  64582  57856  21353  58483
64900  180  64582  59891  22564  60969
64872  151  64579  60752  20742  61413
64876  172  64583  61220  20002  61966
64876  167  64577  61443  18868  61897
64882  162  64579  61656  17848  60834
64878  176  64591  62809  17584  59716
64876  179  64576  64155  17917  61003
64871  160  64589  64634  17961  62216
64864  179  64575  64585  17911  63247
64871  178  64580  64541  17436  62319
64866  156  64595  64892  17618  60559
64866  167  64577  144  17563  59772
64884  184  64575  969  16773  61250
64881  181  64583  464  16716  62224
64880  179  64583  64947  18216  60329
64884  161  64586  63006  20574  58020
64872  176  64585  60475  21345  57178
64887  168  64598  58709  22826  56295
64891  171  64583  56575  26448  55086
64867  170  64591  55607  27005  55746
64872  169  64587  55675  26247  56351
64883  182  64585  56918  25491  54652
64872  172  64581  56908  25049  53334
64884  180  64574  56501  24624  54211
64875  174  64574  55840  22232  54700
64891  172  64586  57788  18181  57885
64865  172  64591  58571  15610  59307
64876  168  64581  59612  13709  60073
64855  172  64590  59628  12747  61574
64875  167  64583  59555  12042  62304
64882  183  64574  58747  11763  62243
64883  174  64585  58791  12947  61734
64898  180  64577  59248  14468  62324
64884  172  64591  58275  13576  63275
64885  169  64576  58102  11973  63017
64870  165  64586  57352  11287  62880
64871  163  64586  57070  10793  62196
64886  174  64592  57464  11021  61889
64872  180  64584  57746  11135  62270
64874  155  64591  57481  12081  62877
64872  169  64579  57809  13130  62459
64885  193  64582  58223  15473  62099
64879  169  64576  58105  18920  62091
64877  177  64588  58091  20692  62263
64879  172  64592  58774  20636  62448
64882  159  64593  60099  19917  63111
64866  181  64574  62497  18800  63940
64876  153  64580  63835  18362  63210
64882  171  64575  63950  17456  62199
64880  167  64573  63199  16166  61989
64881  181  64584  63177  15799  61176
64882  169  64577  63417  15579  61323
64887  176  64582  64187  15971  61836
64868  159  64579  65080  15708  61861
64885  190  64583  65118  15672  62212
64884  186  64584  570  16286  63122
64865  175  64586  2135  16613  63041
64875  187  64576  1758  20201  60934
64872  180  64596  909  24142  62292
64872  175  64576  65531  24375  1301
64876  181  64579  62647  26721  64112
64862  169  64588  59704  29479  58649
64886  174  64581  57687  30743  57525
64890  169  64589  57913  29534  55839
64884  192  64583  58690  26798  55333
64885  183  64574  58884  24190  55187
64882  190  64589  58950  22302  55556
64879  185  64581  58211  19746  57185
64870  167  64592  59844  18097  57616
64878  181  64577  60123  16686  60150
64876  174  64584  60464  14609  60722
64889  162  64589  60190  12920  60956
64873  162  64573  59491  12559  61735
64887  159  64588  58121  13023  61733
64868  178  64591  57800  13140  62032
64862  168  64578  57747  12962  61854
64894  163  64594  57430  12416  61959
64869  173  64579  56282  12769  62742
64873  169  64579  54865  12799  63463
64871  167  64569  55652  13286  63231
64875  177  64586  56645  15491  62006
64879  170  64579  56465  17568  61438
64874  154  64584  55428  16696  60540
64887  175  64595  56323  14807  60815
64874  173  64589  57560  14215  61999
64889  165  64588  58505  17246  64251
64869  173  64598  58822  20069  545
64870  166  64591  60880  22345  4479
64560  237  64594  61262  19642  4329
64887  196  64586  63261  16942  63653
64864  179  64576  63719  14202  59810
64869  178  64596  505  15633  59840
64885  181  64581  688  16778  61478
64871  167  64578  64827  17677  64239
64881  175  64581  63038  18451  65069
64876  174  64577  63034  19225  62862
64872  173  64588  1258  19297  61061
64867  172  64594  4119  17576  62144
64883  174  64578  3415  16512  63924
64867  181  64581  1416  16549  64192
64870  171  64571  64146  18828  61046
64884  179  64583  63020  21183  56856
64886  164  64577  64165  21021  56984
64874  152  64586  63010  23496  58808
64887  186  64583  60361  28002  59615
64881  177  64585  59149  29860  59503
64878  169  64592  58243  30769  57928
64874  173  64585  57536  29646  55862
64886  178  64570  58133  26203  55070
64879  161  64578  59085  22530  55140
64870  164  64585  60399  20770  57269
64894  174  64574  60692  19315  60249
64887  173  64578  60208  18027  61246
64887  160  64578  58830  16114  61893
64881  162  64575  58373  12938  62330
64882  165  64572  58719  10989  62948
64877  166  64587  59712  10446  181
64871  163  64589  59647  10555  1748
64867  165  64582  59563  10710  1179
64885  164  64575  58852  10998  64665
64872  182  64589  58751  11451  62940
64871  163  64581  58042  13174  61995
64879  162  64587  57612  13180  62756
64867  150  64596  57571  13747  60888
64870  166  64594  57529  15560  59315
64895  188  64579  56070  17626  58524
64876  173  64569  55506  17720  59758
64886  168  64576  56357  17398  60369
64874  166  64574  57983  18625  59732
64890  188  64574  58524  21120  59420
64874  167  64602  58565  21922  61107
64878  175  64578  58488  21589  63330
64864  206  64611  58561  21241  64554
64874  166  64597  60683  18597  63271
64873  169  64579  63084  17442  62244
64863  167  64590  64410  17389  61599
64864  164  64578  64906  17021  61331
64867  176  64578  65045  17608  61686
64874  176  64589  64665  17244  61842
64890  176  64576  64314  17201  61878
64879  174  64588  52  17144  61195
64884  182  64577  871  16806  62101
64878  165  64589  349  16040  62528
64869  174  64583  64564  15163  62950
64880  172  64590  64157  14139  63360
64884  176  64584  64446  14977  61440
64884  162  64592  64163  18163  57564
64887  171  64578  61843  21573  55207
64865  147  64575  56451  24276  61159
64882  183  64575  54497  23988  61813
64892  182  64575  55782  22644  56231
64892  171  64573  55704  23222  55679
64870  177  64587  54786  25802  55057
64869  164  64579  53547  26964  53372
64867  171  64583  52782  25581  53289
64865  154  64574  54756  20762  54649
64867  160  64587  56801  18078  55789
64872  165  64584  59491  17427  56109
64878  161  64582  58960  17855  56985
64869  163  64589  58190  16454  59646
64885  163  64589  57628  13924  60481
64875  171  64571  58009  10913  60295
64874  170  64583  58845  9292  60436
64882  179  64582  59090  9593  60332
64868  171  64585  58418  9651  60574
64882  167  64570  58555  8830  59963
64874  184  64597  58625  8082  60702
64860  160  64587  58526  9239  61759
64861  169  64574  58958  8847  61248
64888  175  64576  58177  11582  59626
64885  165  64576  56652  14265  58807
64883  183  64575  54372  15769  58391
64858  173  64586  54437  15806  59107
64890  176  64584  57927  16945  61412
64903  113  64579  61706  22396  64310
64876  184  64578  60781  23482  61823
64897  183  64587  56304  19951  61009
64883  172  64585  59342  19975  59363
64870  162  64583  61848  18350  59967
64872  170  64579  65456  17873  60199
64869  175  64576  130  16783  62101
64873  164  64586  62976  15914  62606
64874  183  64586  62884  15469  59847
64875  173  64586  62747  14797  58041
64877  168  64589  62011  14279  57075
64873  170  64588  61930  14564  57214
64869  182  64583  61876  16828  58200
64872  178  64579  63361  18026  59395
64870  169  64573  64853  17549  60889
64884  187  64583  64801  16051  60925
64871  159  64577  62519  17988  58070
64883  164  64579  60691  22102  55233
64882  172  64577  59519  26585  56127
64871  170  64578  59283  30382  59020
64872  174  64578  58558  32263  61744
64868  176  64591  58917  31004  61754
64875  174  64581  58431  30394  58934
64871  171  64580  57559  30030  57515
64869  155  64581  56813  28821  59051
64867  158  64582  56561  27027  61090
64881  159  64579  56921  24984  62445
64870  167  64573  57075  22550  63773
64880  171  64572  56555  20307  64522
64879  155  64580  56072  18106  65510
64872  169  64573  56072  16224  519
64861  176  64587  56498  14999  65252
64888  177  64590  57529  13726  64527
64873  167  64581  58178  13017  64245
64871  167  64587  58713  12475  63778
64869  170  64583  57627  13595  61644
64871  178  64561  57998  13946  61486
64855  164  64585  58236  14151  62203
64892  176  64580  58056  14601  64473
64872  170  64588  58658  15357  64550
64887  179  64575  58907  16705  63763
64880  171  64575  58149  16992  62920
64878  181  64576  58759  16679  62911
64873  161  64584  58079  16845  62728
64871  187  64572  57158  16375  63113
64885  185  64572  58071  16260  64326
64891  175  64594  61269  16035  62574
64874  171  64588  62727  16970  59968
64886  164  64578  63154  18277  58612
64878  167  64585  62270  17805  58621
64878  171  64581  61302  17228  59634
64879  174  64584  60927  18081  58626
64884  180  64585  62808  18727  57157
64887  156  64587  64145  18210  56874
64874  172  64580  64133  17041  57107
64877  169  64586  63153  15695  57309
64889  168  64578  62640  14454  56456
64885  183  64586  63024  14610  55896
64876  151  64581  64097  13691  55860
64876  173  64582  64017  14532  56669
64873  170  64587  63504  15099  57565
64888  177  64588  63393  14969  58053
64881  171  64591  63419  15056  58404
64881  187  64592  63236  15496  58591
64869  177  64584  63592  16359  58880
64900  173  64579  63966  17412  59722
64875  164  64584  63890  18966  60719
64873  168  64586  63824  19836  61076
64867  159  64575  63687  20098  60207
64881  173  64595  63181  21206  58845
64884  183  64588  61404  22919  57001
64883  177  64581  58760  24852  56681
64864  178  64560  56767  25098  57328
64865  171  64575  56673  22578  57906
64870  172  64587  57555  18177  58947
64884  176  64580  58279  16349  60193
64862  167  64581  58126  16438  61794
64885  180  64585  57921  16735  62534
64871  175  64575  58006  16845  62673
64877  171  64588  58143  17046  61946
64870  163  64576  58669  16691  61254
64892  175  64585  58092  15915  62293
64875  170  64581  56831  15232  63725
64884  182  64572  56244  14744  63765
64883  176  64585  56778  14278  62198
64873  173  64581  57271  12895  61941
64874  182  64578  55813  12819  62614
64866  169  64584  55059  13477  62507
64871  166  64583  55367  12982  62258
64867  174  64573  55734  12897  62622
64872  178  64579  57001  12414  60647
64865  186  64587  57262  12329  59764
64892  163  64580  57208  12104  59891
64871  174  64589  57226  12407  60374
64878  169  64589  57902  13548  59672
64878  158  64583  58693  15145  59198
64851  159  64582  59784  16837  59275
64890  178  64589  60836  17388  59434
64888  166  64568  61243  17644  59379
64874  170  64581  60344  19867  58640
64862  158  64582  60389  21014  57829
64879  168  64576  61089  19945  59071
64876  174  64592  61899  18581  61125
64876  155  64586  62955  16421  61688
64882  179  64572  63102  15236  60591
64868  164  64596  61703  15445  59804
64871  168  64577  60455  16457  60079
64861  156  64583  60067  17559  61303
64883  181  64580  60305  18015  62592
64891  178  64584  60308  17681  63404
64858  176  64577  59883  16317  63573
64902  171  64578  59358  14540  63796
64872  182  64572  59578  12978  64222
64870  164  64582  60445  11642  64547
64872  182  64574  61162  11257  65163
64863  160  64588  61383  11587  449
64879  177  64574  61596  12166  65404
64879  181  64574  62194  12880  65321
64856  171  64585  62616  14272  65469
64879  183  64586  63443  15680  64571
64886  180  64587  63602  16561  63712
64878  187  64583  64059  16396  63254
64866  175  64592  64416  16398  63621
64880  176  64580  64292  16040  63724
64883  167  64587  64223  15334  63999
64870  160  64584  64381  14681  63414
64861  169  64569  64136  14415  63089
64890  158  64590  64062  13822  62699
64888  172  64576  64383  12433  62513
64874  164  64587  63909  12813  62227
64881  170  64584  62269  16096  60694
64889  171  64580  59900  19384  59182
64888  178  64584  58476  21565  57621
64859  163  64592  57882  25244  56505
64873  170  64574  57591  27856  55011
64878  160  64598  58466  28172  55498
64871  163  64583  60055  25918  57719
64883  158  64583  60989  24575  58837
64876  177  64592  60388  23239  58328
64883  168  64585  59694  20516  58764
64884  172  64578  59217  16620  60026
64897  172  64586  59730  13157  61412
64873  182  64591  60875  10273  63796
64876  168  64583  60143  9789  45
64869  169  64577  58897  9051  65487
64871  166  64578  57983  8158  64726
64879  171  64586  56814  7347  64595
64882  167  64574  57273  7805  64650
64882  171  64592  58776  9606  64688
64867  156  64595  60342  12113  64113
64874  177  64580  60938  13618  64214
64888  177  64575  59940  14009  63990
64876  185  64582  59796  13759  63371
64891  179  64579  60335  14690  61983
64879  166  64579  60702  17094  61390
64881  166  64581  61058  19119  60595
64868  171  64579  60984  20711  59504
64871  173  64584  59793  23363  57728
64887  175  64589  60164  23333  57140
64862  178  64575  61325  23182  58159
64861  170  64590  62875  23819  59773
64877  172  64586  63088  23922  61751
64867  163  64581  62698  22786  62319
64878  165  64579  63491  20537  61329
64869  173  64578  65445  17586  60616
64867  183  64579  1153  15567  61553
64880  171  64598  1706  14024  61774
64880  183  64579  1701  13024  61490
64897  176  64594  1534  12799  60928
64885  177  64576  795  12935  61812
64880  147  64596  65476  13353  62086
64865  161  64601  3  13731  61185
64877  165  64581  65525  13351  60256
64890  163  64590  65484  13703  60492
64860  154  64594  63704  17369  60052
64881  169  64582  61542  19531  57612
64869  169  64583  57974  22358  55847
64872  157  64583  54204  28734  53236
64887  160  64599  51283  31620  53099
64876  171  64579  51410  30926  55386
64868  167  64575  54392  27683  57664
64883  166  64582  54767  26468  54532
64876  164  64577  54017  24751  53032
64869  173  64583  53280  20846  54671
64872  180  64585  54727  17510  57481
64870  168  64588  57319  14864  60952
64870  169  64583  58130  12933  64045
64890  181  64584  56412  9748  63786
64884  185  64577  55283  8380  63387
64889  185  64585  55647  8371  62425
64869  176  64571  56479  7852  62784
64888  185  64580  56864  8240  64021
64871  174  64586  56855  9173  64550
64872  184  64586  56788  9684  64006
64868  163  64577  56588  11257  62848
64880  175  64581  55961  13952  61172
64875  176  64579  56372  16388  60151
64895  185  64575  58749  16567  61773
64860  173  64590  59145  16191  63449
64871  135  64592  57779  17558  62204
64873  165  64586  56558  19907  59073
64875  161  64581  57419  20997  56574
64871  171  64592  59049  22891  57026
64891  176  64583  61151  25515  58965
64885  170  64576  61922  25848  62766
64891  163  64584  61948  24532  63455
64866  163  64575  61459  20862  63219
64876  165  64582  61946  17117  61224
64865  172  64582  63765  15603  59341
64878  184  64575  65326  14644  60524
64878  172  64590  65504  14543  63663
64878  171  64576  387  14513  63130
64888  162  64578  615  14275  59493
64885  158  64587  105  14587  57467
64881  181  64589  63863  14374  60178
64870  178  64584  62273  14734  62740
64881  172  64579  61395  16077  62930
64873  169  64580  61412  17898  61246
64876  168  64590  61218  18233  61238
64885  171  64568  59433  18882  59795
64863  173  64586  57470  21928  57364
64890  165  64587  53008  27234  55544
64877  177  64582  51387  28207  61906
64896  175  64582  52979  26832  61955
64876  175  64575  54806  24988  56461
64864  166  64578  55524  24354  54362
64873  174  64575  55308  24916  53410
64881  175  64579  55844  22087  55106
64869  165  64587  57295  17831  56105
64873  177  64579  59589  14641  56127
64870  180  64576  61547  13568  58195
64881  173  64582  60256  13937  60727
64872  174  64580  58922  13268  63168
64875  161  64586  58673  11951  65005
64887  173  64584  58474  11021  65308
64881  179  64584  58181  10575  63887
64875  152  64582  58501  11187  61721
64876  170  64592  58867  11786  61832
64873  163  64583  58110  11273  62713
64882  167  64585  56088  11811  62886
64872  177  64594  55132  12870  62244
64872  170  64586  56457  12385  62363
64880  177  64582  56693  13574  62294
64864  169  64592  55972  15087  61362
64879  165  64568  54967  16363  61649
64876  176  64584  55589  17312  61880
64875  166  64594  56087  17434  60861
64875  173  64591  57190  17970  60275
64872  158  64578  58346  18213  61904
64892  180  64593  59331  18700  63484
64865  167  64576  60464  18789  63939
64859  161  64584  60789  18183  63164
64877  178  64583  61009  17526  60817
64882  155  64584  62179  16968  57768
64878  173  64581  63301  18000  59063
64861  162  64576  64632  18468  62903
64883  165  64581  169  18239  63087
64864  170  64586  912  16842  61598
64874  164  64582  1264  14360  60849
64867  163  64585  278  14032  62068
64881  186  64593  63211  15835  62680
64875  186  64578  61146  18712  61494
64887  173  64578  61041  20693  62122
64886  173  64585  60217  22019  63158
64891  192  64591  54652  27791  60242
64877  176  64586  50288  29358  60038
64864  176  64584  49636  28722  58683
64885  178  64584  50876  26138  55399
64849  165  64582  53610  22999  52997
64888  179  64568  53919  21009  56119
64884  155  64583  54861  19307  56714
64882  173  64578  56199  17590  59015
64884  181  64592  57554  15854  59808
64871  176  64579  59024  14605  58962
64871  166  64582  59903  12851  59703
64884  164  64568  59119  12363  63602
64882  163  64577  57765  12340  65134
64885  169  64580  58757  12828  63447
64891  174  64584  59814  12163  60686
64874  164  64575  60219  11025  59936
64881  176  64590  59840  10354  60185
64871  170  64580  58300  11394  62134
64888  168  64590  56550  12683  62367
64884  173  64580  55451  12378  61580
64880  163  64593  55130  12059  61402
64879  172  64590  55320  12948  61616
64894  174  64584  54192  14356  61872
64878  176  64580  54479  15581  61347
64875  171  64584  54744  17123  61532
64882  173  64589  54788  19293  61217
64865  168  64588  54567  20297  61032
64880  168  64582  56130  19902  62000
64871  163  64569  58745  19294  64221
64885  167  64576  60672  18776  144
64863  173  64591  61184  17558  65007
64877  178  64586  60627  16118  63241
64871  172  64588  59978  14886  60813
64879  166  64583  60360  14099  60591
64887  173  64576  63221  14509  61543
64876  171  64576  95  15050  63415
64871  164  64584  27  15874  497
64871  178  64569  63713  17040  433
64882  165  64581  62197  15293  64267
64875  167  64575  61839  12419  61649
64876  173  64578  61699  12401  58520
64882  177  64577  62021  15881  56529
64878  172  64578  61168  18759  61190
64865  166  64575  59930  21194  62005
64868  172  64578  56766  26018  57624
64868  179  64591  53864  27285  55042
64877  170  64585  52226  27014  54088
64882  170  64581  52983  25454  52846
64869  174  64577  53879  24474  54654
64879  173  64583  54282  23910  55554
64890  184  64578  54967  22356  56263
64878  167  64576  55987  20173  57230
64875  175  64588  57632  18924  58258
64898  164  64578  58711  17635  59443
64870  178  64590  58241  17401  60937
64886  179  64583  57547  15801  60226
64873  162  64582  57222  13745  60612
64878  173  64583  57984  11394  61396
64886  165  64586  59105  13013  62777
64874  164  64572  59945  13942  63866
64872  167  64588  58374  13168  63544
64876  156  64587  57389  11517  61925
64869  179  64581  56521  10484  61238
64875  166  64574  57890  12047  61708
64885  176  64585  59984  12309  61727
64885  166  64580  59954  12748  61722
64886  170  64580  57479  14049  60510
64874  168  64586  54967  13427  59548
64881  155  64569  54688  13963  61274
64875  171  64586  56370  16013  61983
64888  160  64587  58136  18681  61824
64884  158  64585  58575  20615  61586
64888  174  64573  57337  21648  62036
64881  176  64584  56289  20803  62052
64882  163  64574  57133  20352  62860
64865  172  64575  60109  19443  61889
64875  168  64578  63603  18900  60999
64882  169  64589  64705  17345  61971
64878  168  64590  63262  16465  63629
64887  179  64590  61864  15583  62893
64874  172  64578  61536  15237  60951
64864  172  64582  61035  14616  59091
64881  155  64589  61962  14686  57985
64873  177  64579  63236  14266  59133
64883  173  64573  63456  14027  61185
64883  181  64581  62095  15212  60236
64888  183  64587  59702  18334  56488
64879  158  64572  57250  20635  54586
64877  160  64590  56925  22723  53733
64875  179  64584  56914  26043  56407
64884  170  64587  57255  26685  61099
64869  164  64586  56998  25683  59705
64873  169  64581  56109  24390  55546
64866  169  64579  55345  23154  52356
64887  169  64569  55855  21952  51705
64878  164  64577  57052  20378  54064
64897  155  64589  58442  19591  56709
64859  166  64580  59805  18822  57321
64885  171  64586  59396  17208  57542
64874  170  64589  58376  16627  57890
64879  160  64588  57064  16557  59895
64878  169  64580  56283  16883  61147
64886  168  64591  55930  16266  61417
64873  173  64588  56023  14597  60884
64858  167  64587  56455  13713  59700
64868  167  64588  56134  12829  59069
64876  172  64577  55289  12956  59930
64881  184  64587  54887  12048  61043
64864  176  64586  54706  10665  62185
64876  165  64591  54579  9413  62827
64870  167  64590  53761  11745  62398
64881  161  64592  53941  14057  60784
64892  166  64594  53315  14708  60685
64880  161  64579  52966  14884  60825
64867  167  64570  52511  15339  59996
64875  167  64590  53848  15863  60168
64884  166  64582  55751  17119  61056
64862  185  64584  58688  17512  62354
64867  166  64584  59720  16762  62807
64871  156  64593  59978  15763  62015
64857  167  64598  59906  15206  61028
64890  165  64581  59308  15124  60421
64894  168  64581  59444  16303  59548
64880  170  64584  60601  17149  58380
64878  173  64584  61687  17588  58426
64880  170  64592  61605  17489  59986
64884  172  64588  61396  16410  61141
64864  171  64573  61138  15658  60579
64872  174  64584  60370  16858  58455
64872  172  64579  60105  17346  56769
64880  167  64582  60278  18080  55735
64877  170  64573  58615  21045  56521
64881  172  64578  56555  24569  56059
64881  182  64581  55658  26600  55863
64874  178  64587  56807  24532  56078
64878  155  64586  57505  22497  55218
64881  166  64576  57045  21714  54032
64879  161  64590  57061  19494  55282
64869  173  64583  58070  16985  57676
64883  159  64578  59561  15813  58804
64878  173  64576  61231  15935  59827
64881  172  64569  61640  16250  61150
64870  169  64581  61347  15993  62159
64868  185  64575  61131  15695  62430
64880  172  64581  60948  15860  61793
64873  171  64585  61093  16058  61148
64868  160  64570  61362  15575  60504
64872  187  64582  61125  15332  60622
64874  161  64588  58755  16967  62181
64862  175  64573  56627  17353  62751
64863  178  64579  56662  19049  60578
64860  179  64587  55923  20551  59070
64864  163  64583  55075  21027  58944
64876  179  64578  54134  19988  60824
64875  177  64583  52177  17975  63633
64884  184  64584  50332  16317  62639
64869  176  64588  52419  16123  59967
64879  169  64575  57633  16848  61140
64881  186  64571  62708  16497  2103
64880  176  64580  60921  15447  1869
64884  163  64587  58421  11708  2879
64879  184  64580  57864  9496  2500
64862  187  64592  58388  9789  2234
64885  165  64585  59857  10739  323
64887  164  64580  61895  12900  63599
64876  177  64580  63394  14545  61837
64889  160  64575  63366  15405  60552
64882  163  64565  62261  16740  58954
64872  162  64571  61139  17852  57657
64892  172  64580  61246  19866  57387
64889  175  64590  63815  19654  56616
64866  161  64579  159  19212  58199
64882  168  64579  65534  18172  59665
64880  160  64585  64234  19643  58254
64878  169  64587  61503  22936  55216
64877  160  64579  59938  26836  51771
64870  170  64585  60982  30701  50241
64866  165  64574  59874  31959  58464
64874  177  64573  59369  32730  63316
64875  171  64586  60913  29318  60568
64871  172  64587  61131  25364  56530
64872  175  64587  59185  24575  55025
64875  173  64580  56224  23771  57011
64877  180  64580  54910  22982  59433
64883  174  64575  55106  21496  59416
64870  167  64582  56813  20334  58770
64868  178  64578  59088  20212  57826
64872  170  64575  59901  20005  58485
64881  169  64591  59671  20278  58589
64868  164  64577  59404  21446  58635
64888  164  64578  59421  22058  58189
64874  157  64579  59692  22541  57758
64880  178  64581  59793  23450  57842
64893  178  64579  60368  24208  59166
64871  181  64583  59763  24053  60120
64864  174  64580  60454  24078  61550
64883  170  64577  61121  22399  61571
64876  170  64579  61344  20169  63105
64879  171  64578  63745  18848  64987
64879  166  64578  65285  17582  395
64862  161  64592  63855  15229  1641
64871  165  64582  62551  11915  2367
64871  179  64577  63748  9902  2892
64880  177  64577  64962  8260  4707
64895  172  64575  277  9090  8062
64871  171  64582  246  9217  8534
64903  179  64590  64715  6384  6748
64873  173  64580  65216  4330  7468
64877  171  64578  70  4598  7516
64893  174  64588  65036  10424  9705
64873  174  64584  61142  11954  18824
64881  170  64579  60862  13587  12763
64872  160  64569  1683  12011  11919
64870  156  64577  1571  11537  10972
64872  162  64577  355  10479  10153
64878  168  64576  143  10504  8800
64880  166  64587  2180  12838  9464
64874  178  64591  2863  11137  11340
64878  165  64594  1452  9257  11777
64887  175  64588  1400  8528  12581
64871  176  64575  2229  8836  12510
64881  165  64581  888  6948  12208
64883  167  64578  64317  7303  14475
64877  167  64588  64747  6511  13690
64878  171  64591  64497  6217  12079
64865  170  64584  64013  4931  11833
64871  154  64585  63071  4414  11392
64885  189  64585  64355  5016  12856
64857  171  64581  64671  6046  12960
64873  194  64583  64420  5863  13512
64877  170  64590  63918  4709  13485
64872  175  64586  64362  3693  11714
64862  174  64576  64380  3572  12502
64890  177  64592  64400  5189  16255
64868  182  64577  65119  5422  15409
64863  175  64576  1325  4694  15743
64877  162  64579  698  7094  19640
64875  192  64580  1584  8973  20679
64865  171  64578  3551  8689  18188
64881  165  64578  2960  6665  16179
64880  165  64579  1785  4961  14925
64879  160  64582  318  3747  14352
64870  177  64587  625  3706  14851
64887  173  64582  1407  4289  15545
64872  165  64587  2271  4250  14662
64880  160  64586  3054  3926  13847
64895  174  64586  3836  3767  14814
64891  158  64583  2664  4299  14449
64878  162  64589  2399  3780  15251
64866  156  64591  2205  4546  17340
64879  169  64577  2946  4307  16280
64884  172  64573  4160  3521  15359
64875  170  64590  3827  3872  16122
64876  170  64573  3306  4078  16106
64874  162  64585  2159  3648  16307
64876  172  64582  1221  3330  15831
64858  171  64577  966  2288  14545
64904  96  64591  3920  2705  11990