ired      red
79824   64617
81266   66917
86317   68156
86402   68180
86536   68218
86704   68268
86871   68312
87050   68366
87210   68408
87358   68456
87483   68487
87547   68509
87538   68495
87462   68466
87348   68421
87242   68386
87184   68362
87193   68364
87249   68373
87332   68394
87419   68418
87521   68451
87625   68471
87720   68503
87818   68517
87910   68537
87982   68555
88054   68574
88117   68593
88177   68612
88240   68618
88295   68636
88337   68637
88389   68647
88427   68652
88454   68656
88366   68630
87924   68492
87139   68242
86570   68042
86311   67958
86255   67941
86304   67952
86422   67988
86573   68029
86730   68070
86902   68126
87054   68163
87209   68211
87335   68251
87421   68267
87436   68273
87389   68250
87292   68214
87187   68174
87121   68142
87113   68142
87141   68150
87221   68168
87305   68183
87397   68209
87499   68240
87599   68271
87692   68298
87777   68314
87856   68325
87922   68342
87984   68360
88047   68382
88100   68389
88151   68396
88190   68406
88228   68410
88258   68417
88296   68419
88306   68424
88162   68366
87603   68200
86825   67946
86315   67775
86107   67695
86056   67674
86099   67694
86200   67728
86322   67754
86468   67800
86609   67829
86733   67863
86860   67906
86972   67937
87032   67957
87038   67953
86976   67924
86870   67893
86780   67851
86749   67836
86758   67828
86805   67849
86889   67874
86979   67899
87089   67925
87191   67952
87291   67977
87382   68003
87464   68026
87540   68047
87613   68060
87676   68066
87727   68083
87774   68094
87823   68101
87853   68113
87885   68115
87911   68111
87944   68121
87978   68123
88000   68136
87932   68108
87537   67981
86802   67749
86223   67552
85954   67454
85862   67420
85878   67422
85967   67461
86082   67490
86214   67525
86353   67558
86476   67590
86594   67629
86704   67661
86773   67684
86789   67683
86731   67665
86638   67627
86540   67588
86499   67567
86493   67570
86542   67582
86608   67602
86705   67628
86807   67654
86908   67676
87003   67707
87096   67734
87185   67758
87259   67772
87328   67784
87395   67795
87440   67807
87494   67829
87532   67832
87563   67837
87598   67840
87627   67843
85878   67422
87651   67856
87674   67863
87700   67865
87733   67874
87770   67865
87768   67865
87500   67781
86815   67565
86169   67354
85832   67247
85708   67195
85698   67182
85763   67189
85875   67228
86004   67266
86146   67313
86275   67348
86395   67386
86506   67415
86591   67435
86610   67437
86557   67424
86446   67377
86338   67347
86289   67324
86298   67323
86344   67332
86427   67354
86519   67381
86616   67411
86715   67443
86809   67464
86899   67487
86982   67499
87066   67523
87133   67544
87191   67556
87244   67570
87284   67581
87324   67584
87357   67604
87402   67604
87417   67610
87455   67614
87481   67616
87511   67627
87540   67625
87578   67638
87620   67647
87648   67657
87513   67618
86966   67440
86245   67200
85818   67042
85633   66980
85592   66962
85640   66990
85742   67015
85864   67052
86014   67091
86149   67134
86273   67171
86396   67200
86507   67233
86539   67249
86515   67234
86413   67198
86294   67156
86220   67125
86196   67117
86226   67131
86293   67142
86370   67162
86473   67183
86569   67211
86681   67235
86778   67264
86869   67295
86950   67316
87032   67341
87090   67356
87146   67364
87198   67375
87237   67387
87269   67393
87293   67402
87323   67409
87357   67409
87393   67416
87416   67426
87457   67435
87493   67448
87534   67461
87583   67458
87630   67464
87590   67461
87222   67342
86490   67107
85919   66909
85657   66824
85566   66794
85589   66799
85681   66826
85811   66868
85952   66907
86098   66950
86232   66989
86361   67028
86476   67060
86548   67077
86543   67080
86481   67062
86359   67015
86263   66974
86215   66951
86229   66947
86276   66968
86367   66995
86469   67027
86573   67058
86689   67093
86795   67119
86890   67139
86987   67172
87059   67186
87120   67206
87177   67219
87240   67234
87289   67252
87332   67262
87362   67267
87393   67279
87419   67287
87457   67290
87482   67289
87515   67290
87548   67293
87590   67308
87636   67318
87683   67330
87678   67331
87398   67239
86714   67029
86071   66803
85734   66697
85631   66669
85635   66669
85731   66700
85871   66741
86032   66788
86194   66841
86332   66877
86460   66923
86588   66955
86645   66973
86648   66960
86561   66924
86430   66884
86320   66845
86253   66826
86264   66819
86315   66835
86403   67267
87393   67279
86503   66916
86605   66946
86708   66971
86799   66999
86891   67022
86971   67022
87050   67041
87107   67062
87161   67071
87207   67087
87248   67098
87282   67098
87309   67091
87334   67100
87359   67107
87384   67116
87411   67128
87441   67127
87487   67140
87523   67148
87497   67139
87181   67033
86498   66818
85899   66626
85609   66530
85512   66500
85522   66499
85606   66524
85740   66570
85883   66614
86036   66659
86154   66690
86269   66721
86366   66742
86422   66761
86411   66759
86330   66734
86204   66684
86088   66642
86048   66627
86058   66628
86107   66643
86196   66662
86278   66687
86379   66713
86483   66744
86589   66774
86679   66801
86758   66827
86828   66850
86888   66865
86939   66880
86990   66892
87040   66893
87072   66900
87111   66912
87135   66918
87147   66913
87165   66924
87193   66923
87219   66936
87251   66934
87294   66945
87331   66954
87359   66965
87277   66934
86821   66795
86109   66566
85633   66409
85415   66340
85353   66326
85391   66338
85484   66367
85627   66397
85771   66434
85906   66482
86032   66518
86133   66547
86233   66572
86290   66590
86288   66595
86221   66566
86123   66528
86031   66496
86001   66482
86010   66488
86073   66507
86161   66531
86271   66560
86382   66597
86496   66629
86596   66666
86699   66690
86785   66712
86868   66722
86936   66745
86996   66769
87051   66781
87103   66796
87135   66806
87172   66811
87192   66818
87220   66819
87249   66823
87272   66830
87302   66836
87340   66851
87386   66859
87444   66872
87447   66875
87226   66807
86582   66609
85904   66394
85544   66270
85408   66220
85393   66203
85471   66234
85591   66278
85736   66319
85884   66364
86010   66400
86129   66441
86244   66467
86328   66486
86350   66498
86299   66485
86197   66446
86075   66408
86013   66381
85997   66371
86040   66382
86107   66405
86200   66431
86298   66467
86414   66487
86513   66513
86619   66544
86699   66563
86789   66593
86869   66615
86931   66635
86980   66651
87044   66661
87078   66679
87121   66683
87146   66689
87170   66694
87200   66703
87229   66709
87264   66715
87300   66730
87341   66743
87385   66757
87322   66732
86931   66614
86235   66387
85722   66224
85485   66142
85423   66128
85465   66141
85576   66174
85711   66219
85872   66261
86107   66405
86022   66338
86153   66377
86265   66404
86367   66419
86415   66413
86408   66413
86315   66390
86204   66347
86104   66321
86065   66306
86081   66310
86135   66316
86218   66337
86321   66361
86421   66394
86529   66424
86629   66455
86721   66484
86769   66493
86790   66496
86797   66493
86799   66490
86794   66488
86806   66479
86829   66499
86894   66518
86971   66536
87049   66564
87106   66581
87164   66598
87215   66621
87274   66624
87279   66624
87039   66545
86431   66359
85836   66173
85532   66072
85430   66037
85431   66041
85526   66062
85659   66109
85826   66154
85980   66197
86117   66241
86245   66282
86359   66307
86429   66331
86425   66322
86344   66297
86215   66257
86100   66227
86045   66209
86050   66198
86107   66208
86190   66240
86293   66270
86399   66301
86509   66331
86610   66359
86713   66392
86791   66415
86874   66432
86939   66454
86993   66467
87034   66483
87076   66492
87115   66507
87152   66507
87171   66514
87195   66523
87214   66531
87245   66534
87277   66535
87307   66542
87349   66549
87369   66561
87221   66514
86683   66354
86001   66139
85598   66009
85435   65952
85413   65940
85478   65960
85591   65996
85720   66033
85866   66076
85996   66117
86107   66151
86210   66179
86295   66206
86324   66218
86283   66212
86193   66175
86094   66135
86038   66108
86037   66111
86078   66127
86142   66142
86225   66168
86328   66201
86433   66227
86546   66260
86645   66288
86739   66314
86812   66329
86877   66352
86939   66374
87008   66391
87063   66408
87166   66441
87321   66499
87489   66551
87677   66613
87827   66656
87924   66675
88016   66706
88088   66725
88135   66738
88175   66750
88096   66724
87647   66599
86827   66353
86169   66141
85888   66047
85827   66031
85887   66049
86000   66087
86159   66140
86323   66183
86474   66228
86592   66263
86697   66297
86792   66321
86830   66335
86810   66320
86727   66292
86611   66252
86529   66224
86495   66216
86509   66220
86570   66235
86657   66264
86776   66290
86891   66324
86991   66347
87088   66386
87169   66405
87236   66430
87310   66448
87365   66464
87428   66482
87479   66494
87513   66507
87543   66520
87575   66514
87601   66520
87641   66526
87677   66539
87710   66548
87747   66557
87782   66568
86474   66228
86592   66263
86697   66297
86588   66038
86080   65965
85850   65958
85805   65978
85883   66020
86015   66020
86185   66069
86355   66117
86503   66169
86642   66209
86769   66241
86866   66268
86895   66271
86841   66251
86716   66217
86581   66176
86501   66144
86482   66144
86516   66147
86593   66169
86690   66196
86794   66227
86898   66260
86997   66294
87098   66319
87193   66343
87270   66361
87331   66384
87387   66400
87424   66416
87466   66420
87495   66422
87518   66430
87553   66434
87581   66446
87607   66456
87637   66456
87665   66461
87585   66442
87186   66320
86500   66113
86001   65951
85771   65877
85719   65864
85769   65877
85882   65912
86038   65957
86209   66009
86354   66065
86473   66099
86592   66128
86677   66151
86716   66154
86676   66147
86584   66121
86476   66085
86389   66053
86365   66047
86396   66053
86461   66068
86553   66098
86654   66126
86761   66155
86842   66185
86926   66206
87003   66231
87081   66251
87142   66263
87192   66282
87245   66301
87285   66315
87320   66321
87351   66321
87384   66328
87414   66336
87447   66346
87472   66349
87499   66357
87532   66365
87564   66378
87568   66372
87325   66300
86684   66108
86044   65906
85710   65800
85585   65763
85571   65756
85636   65781
85743   65812
85868   65855
85997   65891
86101   65919
86195   65945
86279   65959
86349   65983
86379   65990
86360   65989
86295   65963
86218   65937
86163   65919
86149   65913
86192   65927
86281   65956
86393   65986
86509   66023
86624   66061
86717   66080
86819   66109
86896   66135
86964   66157
87033   66182
87089   66192
87137   66200
87174   66215
87210   66209
87232   66220
87262   66226
87275   66235
87291   66242
87313   66246
87350   66252
87382   66258
87416   66273
87412   66267
87163   66192
86524   65999
85939   65815
85650   65723
85539   65685
85531   65688
85599   65707
85701   65743
85829   65785
85960   65817
86071   65843
86177   65874
86272   65904
86328   65925
86333   65923
86260   65895
86152   65861
86062   65830
86018   65821
86031   65821
86070   65831
86135   65848
86227   65877
86327   65909
86429   65940
86531   65962
86624   65992
86715   66021
86786   66044
86858   66070
86918   66076
86962   66089
86995   66091
87021   66105
87045   66109
87069   66114
85539   65685
87126   65688
85599   65707
87145   66091
87004   65940
86514   65765
85935   65651
85580   65603
85432   65592
85404   65592
85449   65612
85544   65639
85671   65674
85797   65717
85926   65757
86032   65776
86142   65805
86224   65824
86256   65839
86214   65834
86122   65799
86017   65761
85955   65739
85941   65738
85974   65746
86042   65769
86130   65789
86228   65817
86331   65858
86424   65883
86523   65912
86612   65936
86703   65960
86776   65991
86846   66009
86905   66021
86963   66033
86995   66044
87028   66056
87061   66056
87082   66062
87106   66072
87155   66081
87183   66099
87208   66104
87055   66052
86495   65888
85860   65686
85506   65572
85351   65528
85319   65513
85360   65523
85458   65560
85567   65590
85685   65629
85784   65646
85874   65669
85964   65696
86052   65724
86090   65729
86071   65728
85997   65709
85906   65676
85848   65653
85836   65650
85864   65659
85927   65681
86003   65694
86091   65723
86197   65754
86304   65785
86409   65816
86497   65843
86585   65867
86654   65897
86718   65913
86776   65927
86824   65932
86873   65940
86910   65964
86947   65975
86981   65977
87006   65989
87038   65995
87073   66001
87117   66015
87161   66025
87191   66033
87048   65991
86488   65821
85825   65617
85450   65488
85283   65437
85241   65428
85280   65442
85356   65464
85466   65501
85563   65524
85662   65544
85751   65573
85827   65605
85903   65626
85951   65631
85943   65630
85879   65616
85812   65587
85764   65566
85755   65564
85777   65572
85829   65594
85913   65622
86007   65637
86105   65666
86200   65698
86306   65727
86395   65755
86484   65783
86561   65802
86634   65820
86693   65838
86748   65847
86800   65872
86837   65885
86876   65890
86906   65896
86942   65907
86979   65916
87022   65922
87054   65937
87086   65952
87126   65960
87109   65953
86799   65869
86127   65660
85602   65489
85340   65408
85247   65382
85256   65379
85327   65405
85436   65429
85557   65469
85659   65500
85756   65529
85836   65549
85923   65574
85986   65593
86010   65598
85974   65588
85913   65562
85847   65545
85820   65538
85829   65539
85880   65555
85948   65574
86037   65599
86126   65631
86231   65661
86328   65686
86425   65706
86507   65734
86593   65756
86660   65780
86725   65795
86773   65817
86816   65823
86860   65835
85602   65489
86900   65853
86927   65864
86960   65870
86986   65882
87020   65893
87059   65903
87107   65903
87150   65916
87151   65912
86902   65849
86260   65651
85693   65463
85403   65367
85307   65336
85303   65332
85376   65366
85492   65402
85616   65440
85730   65470
85827   65501
85925   65526
86011   65554
86074   65570
86066   65570
86016   65550
85927   65515
85849   65498
85816   65483
85828   65488
85871   65506
85940   65527
86027   65552
86124   65569
86217   65593
86307   65615
86392   65645
86477   65669
86540   65691
86603   65711
86655   65725
86708   65739
86744   65753
86766   65756
86782   65758
86801   65763
86820   65770
86843   65778
86874   65786
86913   65802
86886   65797
86621   65714
86029   65535
85558   65374
85310   65293
85224   65263
85234   65261
85301   65286
85397   65321
85511   65351
85624   65388
85732   65417
85838   65450
85933   65477
85978   65489
85934   65479
85832   65443
85728   65410
85652   65379
85628   65374
85659   65377
85718   65405
85799   65427
85895   65453
85979   65477
86075   65496
86164   65533
86261   65552
86345   65577
86421   65607
86489   65631
86545   65651
86598   65668
86638   65673
86664   65679
86675   65681
86685   65683
86708   65696
86729   65702
86782   65710
86815   65724
86808   65729
86544   65651
85961   65464
85475   65302
85218   65219
85108   65180
85106   65179
85164   65201
85250   65227
85356   65260
85457   65289
85561   65317
85657   65347
85743   65376
85804   65389
85788   65389
85712   65363
85632   65336
85561   65317
85536   65304
85556   65312
85603   65326
85677   65357
85762   65374
85853   65394
85952   65420
86046   65455
86137   65486
86216   65510
86280   65531
86347   65548
86403   65566
86442   65571
86484   65586
86518   65590
86532   65602
86550   65599
86571   65616
86604   65625
86646   65633
86684   65645
86726   65663
86712   65654
86406   65560
85795   65370
85336   65219
85096   65135
85001   65110
84991   65108
85031   65115
85112   65137
85202   65166
85295   65195
85372   65215
85441   65234
85511   65260
85564   65275
85556   65276
85518   65254
85456   65236
85408   65221
85388   65213
85407   65224
85454   65239
85520   65258
85606   65273
85698   65296
85793   65327
85886   65356
85969   65385
86047   65405
86116   65426
86179   65447
86726   65663
86712   65654
86280   65485
86314   65497
86342   65501
86375   65508
86403   65508
86428   65517
86458   65531
86492   65539
86529   65553
86578   65563
86592   65564
86368   65489
85797   65320
85295   65150
85013   65068
84899   65027
84868   65020
84909   65027
84987   65049
85086   65077
85161   65108
85234   65124
85309   65149
85382   65169
85450   65196
85477   65198
85441   65191
85374   65171
85315   65142
85275   65121
85283   65123
85329   65137
85397   65157
85469   65180
85545   65201
85631   65227
85719   65251
85816   65279
85906   65304
85983   65330
86060   65356
86125   65380
86185   65402
86235   65412
86275   65423
86293   65430
86316   65443
86336   65448
86356   65450
86389   65448
86423   65457
86463   65475
86475   65477
86297   65421
85760   65257
85248   65092
84959   64994
84831   64957
84815   64947
84847   64955
84932   64987
85008   65010
85099   65038
85182   65056
85262   65083
85349   65108
85402   65132
85403   65132
85333   65108
85250   65078
85181   65046
85150   65029
85168   65040
85206   65050
85264   65070
85338   65096
85419   65114
85505   65147
85591   65167
85669   65193
85736   65212
85800   65233
85845   65247
85890   65259
85933   65273
85968   65283
86007   65297
86039   65308
86076   65319
86104   65329
86131   65331
86076   65311
85721   65205
85214   65042
84869   64926
84680   64861
84610   64836
84621   64847
84680   64856
84764   64894
84861   64916
84937   64934
85018   64965
85100   64993
85175   65016
85222   65024
85204   65023
85124   64997
85058   64982
85007   64963
85002   64951
85033   64957
85084   64968
85144   64994
85231   65019
85320   65047
85408   65071
85490   65097
85567   65118
85632   65135
85696   65157
85740   65172
85788   65189
85815   65200
85855   65209
85888   65213
85918   65224
85942   65237
85965   65241
85987   65252
86025   65260
86065   65267
86115   65281
86125   65277
85901   65218
85344   65040
84893   64894
84631   64809
84503   64762
84475   64754
84514   64761
84579   64788
84658   64815
84720   64835
84790   64857
84844   64866
84913   64888
84966   64903
84989   64915
84964   64911
84917   64888
84867   64866
84844   64857
84851   64850
84879   64861
84929   64881
84999   64908
85072   64921
85165   65224
85942   65237
85258   64999
85332   65021
85400   65042
85464   65059
85531   65080
85597   65090
85644   65090
85683   65101
85709   65113
85736   65128
85751   65127
85774   65131
85807   65131
85836   65138
85870   65152
85914   65164
85957   65180
85992   65191
85858   65147
85374   64997
84870   64832
84570   64726
84400   64674
84343   64660
84353   64660
84405   64676
84466   64690
84523   64703
84567   64714
84607   64732
84660   64746
84717   64754
84750   64759
84738   64751
84706   64740
84651   64727
84620   64712
84619   64714
84652   64721
84702   64735
84765   64762
84850   64782
84927   64805
85006   64825
85081   64855
85167   64880
85248   64901
85311   64923
85370   64935
85422   64958
85463   64969
85503   64976
85529   64986
85566   64987
85597   64995
85626   65007
85662   65016
85707   65029
85754   65043
85796   65062
85831   65069
85687   65022
85197   64869
84706   64715
84413   64619
84264   64574
84231   64563
84271   64566
84340   64596
84426   64622
84514   64652
84588   64663
84656   64685
84731   64698
84803   64722
84832   64729
84808   64723
84759   64708
84698   64684
84658   64670
84658   64670
84689   64674
84733   64687
84798   64709
84870   64736
84956   64757
85046   64785
85130   64810
85198   64833
85267   64850
85326   64872
85382   64888
85448   64907
85493   64911
85529   64926
85575   64935
85608   64949
85637   64960
85672   64964
85700   64978
85641   64956
85294   64849
84798   64690
84446   64578
84258   64525
84192   64504
84211   64498
84280   64529
84385   64551
84487   64589
84590   64619
84699   64652
84815   64677
84904   64700
84943   64709
84911   64701
84811   64672
84718   64641
84659   64622
84647   64616
84677   64621
84730   64640
84820   64671
84912   64694
85002   64724
85088   64756
85189   64785
85278   64807
85368   64835
85443   64858
85501   64877
85549   64903
85591   64910
85626   64916
85662   64921
85695   64927
85727   64936
85636   64911
85213   64783
84667   64605
84319   64497
84125   64436
84063   64412
84073   64406
84131   64425
84219   64453
84321   64485
84417   64514
84517   64545
84613   64571
84701   64599
84742   64619
84726   64612
84662   64584
84582   64555
84535   64540
84521   64532
84550   64541
84609   64567
84674   64585
84764   64610
84857   64858
85501   64877
84950   64691
85030   64714
85105   64735
85172   64757
85252   64776
85320   64776
85385   64802
85432   64816
85470   64835
85499   64842
85526   64847
85551   64854
85583   64855
85536   64839
85196   64740
84638   64569
84250   64441
84033   64370
83942   64339
83929   64340
83987   64352
84059   64376
84147   64401
84227   64422
84297   64441
84369   64465
84441   64490
84497   64511
84505   64506
84461   64493
84400   64477
84353   64454
84342   64448
84355   64451
84396   64463
84461   64485
84544   64509
84636   64537
84726   64567
84819   64596
84906   64620
84983   64641
85048   64661
85106   64680
85158   64692
85205   64713
85244   64730
85273   64740
85306   64745
85332   64760
85370   64769
85397   64772
85281   64735
84856   64598
84368   64443
84053   64348
83883   64291
83824   64272
83846   64272
83908   64293
84006   64323
84094   64352
84180   64375
84248   64406
84332   64432
84400   64451
84436   64456
84400   64446
84329   64424
84264   64403
84226   64397
84217   64385
84253   64390
84303   64405
84375   64433
84458   64461
84543   64482
84629   64511
84718   64536
84795   64560
84869   64579
84927   64595
84978   64608
85003   64624
85037   64629