ired      red
85831   71924
84490   75423
90760   78584
90901   78619
91089   78674
91336   78745
91585   78831
91765   78891
91853   78921
91867   78924
91858   78904
91855   78906
91882   78903
91938   78918
92018   78940
92117   78976
92233   79006
92346   79035
92425   79065
92288   79012
91698   78823
90910   78561
90310   78358
90028   78252
90009   78230
90132   78266
90348   78334
90576   78407
90805   78489
91037   78569
91233   78629
91361   78669
91416   78683
91417   78684
91414   78678
91415   78678
91435   78680
91487   78701
91596   78733
91728   78781
91879   78825
92008   78868
92112   78904
92087   78896
91630   78749
90819   78482
90111   78229
89747   78099
89733   78085
89923   78153
90202   78251
90440   78321
90627   78383
90839   78462
91030   78519
91145   78560
91188   78568
91149   78553
91101   78535
91091   78533
91141   78546
91217   78569
91328   78605
91447   78647
91595   78694
91749   78749
91886   78799
91839   78771
91304   78593
90473   78324
89824   78099
89568   78004
89630   78031
89858   78097
90125   78189
90348   78261
90572   78335
90795   78405
90981   78467
91069   78491
91069   78489
91036   78478
91027   78474
91058   78480
91094   78493
91165   78511
91273   78549
91380   78580
91505   78612
91605   78641
91695   78669
91519   78619
90911   78430
90159   78172
89642   77997
89476   77938
89563   77960
89736   78018
89945   78081
90172   78156
90420   78242
90675   78324
90876   78389
90974   78415
91006   78420
90986   78413
90915   78382
90881   78366
90934   78378
91035   78407
91145   78432
91236   78466
91333   78498
91431   78525
91483   78544
91154   78435
90463   78206
89769   77978
89381   77835
89268   77797
89337   77814
89459   77847
89575   77876
89656   77902
89816   77953
90048   78024
90300   78114
90472   78174
90547   78198
90579   78200
90590   78193
90590   78187
90651   78202
90743   78237
90860   78274
91000   78319
91141   78361
91223   78384
91199   78377
90774   78240
90032   77994
89372   77772
89014   77644
88948   77619
89092   77661
89319   77742
89582   77831
89860   77923
90113   78009
90294   78062
90404   78084
90424   78086
90396   78076
90368   78062
90363   78063
90365   78060
89816   77953
90494   78099
90607   78114
90472   78174
90747   78216
90875   78261
90986   78274
91046   78184
90758   77951
90049   77951
89315   77705
88886   77550
88790   77518
88923   77569
89176   77651
89448   77742
89728   77838
90001   77917
90166   77972
90253   77995
90259   77998
90236   77989
90216   77981
90219   77981
90243   77987
90306   77994
90384   78032
90467   78054
90572   78088
90682   78129
90810   78168
90859   78186
90515   78081
89779   77844
89064   77596
88649   77451
88593   77424
88752   77478
89032   77578
89325   77676
89559   77750
89793   77828
90018   77896
90145   77940
90167   77944
90140   77936
90109   77921
90092   77914
90088   77912
90160   77946
90274   77979
90406   78014
90551   78069
90704   78119
90813   78158
90771   78144
90318   78000
89601   77760
89033   77572
88808   77482
88864   77504
89049   77571
89300   77650
89516   77726
89685   77771
89851   77823
89996   77866
90098   77894
90132   77914
90132   77907
90122   77901
90110   77898
90170   77914
90263   77946
90356   77967
90428   77997
90539   78039
90655   78068
90796   78116
90797   78117
90359   77973
89619   77727
89005   77526
88763   77441
88823   77454
89008   77521
89225   77587
89435   77655
89668   77737
89937   77828
90154   77896
90281   77938
90317   77941
90290   77939
90277   77929
90296   77929
90331   77948
90395   77969
90473   77986
90559   78009
90694   78051
90849   78096
90980   78144
91039   78168
90760   78093
90079   77860
89353   77619
88934   77470
88843   77434
88930   77454
89118   77527
89375   77611
89653   77700
89897   77780
90078   77840
90189   77873
90216   77880
90198   77880
90174   77871
90165   77864
90197   77867
90234   77867
90303   77898
90404   77935
90540   77977
90689   78033
90815   78066
90925   78105
90870   78092
90346   77932
89572   77666
88958   77459
88740   77381
88809   77408
89058   77482
89321   77573
89560   77649
89786   77730
90006   77806
90157   77850
90188   77864
90177   77854
90149   77840
90120   77835
90137   77840
90183   77858
90248   77880
90341   77909
90447   77947
90559   77985
90654   78011
90763   78045
90816   78066
90469   77969
89722   77719
88993   77476
88618   77336
88591   77329
88737   77378
88934   77444
89148   77522
89332   77577
89552   77649
89754   77709
89859   77742
89893   77757
89885   77758
89858   77745
89847   77746
89786   77730
90006   77806
89841   77753
89898   77801
90020   77864
90195   77920
90358   77963
90488   77988
90580   77988
90323   77920
89656   77703
88968   77469
88567   77329
88507   77312
88663   77346
88874   77425
89105   77499
89330   77572
89566   77657
89778   77726
89931   77774
90030   77819
90074   77822
90060   77819
90055   77820
90098   77831
90165   77861
90256   77891
90373   77926
90462   77953
90547   77986
90636   78015
90733   78042
90709   78050
90251   77895
89481   77638
88827   77410
88521   77299
88514   77292
88660   77337
88893   77423
89145   77509
89382   77588
89588   77652
89766   77715
89881   77742
89928   77766
89908   77757
89873   77745
89866   77741
89904   77758
89950   77762
90007   77783
90106   77818
90203   77850
90333   77889
90451   77918
90554   77963
90465   77929
89910   77761
89098   77487
88442   77252
88188   77157
88249   77180
88473   77255
88733   77342
88983   77427
89205   77505
89425   77582
89591   77631
89664   77657
89681   77663
89650   77651
89597   77628
89590   77635
89652   77651
89772   77687
89902   77729
90031   77764
90157   77813
90272   77854
90380   77887
90479   77924
90332   77879
89688   77673
88837   77378
88247   77177
88066   77103
88152   77130
88354   77203
88592   77286
88844   77377
89144   77479
89420   77577
89606   77640
89703   77676
89716   77680
89674   77667
89630   77639
89645   77646
89711   77676
89780   77698
89850   77716
89952   77761
90088   77801
90220   77846
90360   77893
90349   77900
89866   77749
89098   77497
88486   77276
88207   77176
88224   77177
88399   77229
88632   77313
88844   77391
89068   77463
89292   77540
89476   77586
89597   77623
89663   77650
89679   77660
89675   77661
89663   77653
89712   77669
89805   77698
89919   77740
90033   77768
90161   77817
90287   77865
90371   77890
90435   77914
90269   77864
89651   77656
88870   77390
88293   77193
88060   77113
88074   77110
88243   77158
88482   77241
88734   77321
88983   77409
89231   77486
89439   77570
89590   77613
89635   77628
89615   77626
89600   77617
89630   77625
89698   77651
89798   77680
89896   77714
90022   77760
90150   77799
90264   77835
90357   77870
90425   77896
90150   77813
89466   77596
88757   77350
88340   77193
88244   77147
88345   77183
88548   77247
88769   77324
88967   77388
89186   77460
88293   77193
88060   77113
88074   77110
89543   77536
89451   77503
89351   77481
89296   77478
89305   77513
89391   77513
89521   77557
89663   77606
89765   77635
89852   77669
89960   77702
90073   77736
90169   77758
89950   77695
89242   77457
88409   77177
87906   77001
87792   76954
87924   76998
88184   77090
88482   77183
88743   77279
88982   77358
89214   77433
89353   77487
89406   77501
89377   77495
89337   77475
89297   77470
89318   77468
89400   77502
89522   77539
89631   77574
89750   77611
89892   77668
90018   77710
90107   77741
90077   77739
89621   77596
88859   77341
88206   77122
87863   76985
87804   76964
87919   77000
88128   77074
88362   77153
88589   77227
88782   77290
88928   77342
89034   77383
89068   77394
89072   77394
89067   77401
89109   77413
89184   77425
89274   77463
89384   77500
89514   77547
89631   77583
89759   77637
89843   77660
89929   77681
89775   77643
89148   77436
88341   77162
87783   76978
87581   76897
87643   76912
87858   76976
88113   77071
88367   77163
88588   77239
88808   77315
88999   77384
89128   77420
89177   77432
89157   77433
89152   77429
89202   77447
89280   77474
89351   77500
89448   77533
89558   77569
89691   77618
89818   77662
89938   77698
90022   77739
89815   77673
89120   77447
88347   77186
87850   77011
87701   76950
87783   76980
88001   77054
88278   77144
88555   77232
88823   77314
89065   77403
89225   77462
89279   77480
89250   77472
89235   77464
89232   77461
89234   77462
89272   77478
89348   77500
89429   77522
89500   77552
89590   77580
89709   77625
89841   77670
89951   77706
89733   77645
89011   77396
88191   77118
87696   76943
87596   76897
87723   76935
87942   77009
88228   77102
88529   77215
88821   77315
89038   77387
89157   77426
89200   77440
89190   77442
89150   77433
89117   77411
89113   77415
89163   77427
89245   77462
89357   77495
89452   77529
89558   77566
89679   77607
89803   77655
89916   77692
89815   77653
89200   77455
88362   77168
87763   76954
87537   76884
87589   76886
87773   76946
88021   77033
88289   77130
88545   77213
88810   77299
89009   77376
89101   77413
89105   77414
89083   77411
89085   77407
89113   77422
89168   77447
89255   77470
89334   77505
89435   77534
89522   77558
89644   77595
89768   77635
89901   77687
89967   77720
89701   77634
88970   77395
88187   77123
89679   77607
89803   77655
87534   76913
87614   76988
87828   77065
88063   77141
88293   77220
88534   77220
88768   77302
88928   77361
89003   77387
88983   77383
88951   77370
88900   77348
88897   77337
88961   77362
89062   77397
89162   77437
89255   77461
89322   77490
89419   77527
89536   77566
89658   77606
89606   77592
89033   77410
88141   77106
87460   76870
87179   76764
87190   76766
87367   76818
87613   76904
87862   76992
88095   77076
88326   77146
88537   77210
88673   77257
88730   77279
88735   77288
88729   77284
88718   77283
88774   77296
88887   77339
89002   77373
89108   77414
89234   77456
89367   77501
89502   77549
89617   77595
89711   77638
89445   77549
88654   77282
87797   76996
87314   76822
87211   76790
87331   76819
87547   76880
87780   76961
88005   77031
88234   77114
88485   77200
88672   77270
88771   77307
88783   77302
88740   77294
88709   77280
88718   77282
88775   77299
88874   77337
88996   77378
89123   77423
89268   77475
89392   77517
89505   77557
89589   77590
89435   77541
88742   77312
87869   77002
87303   76794
87161   76747
87296   76793
87548   76884
87812   76968
88059   77054
88291   77139
88522   77219
88713   77279
88817   77313
88823   77315
88764   77298
88694   77271
88669   77260
88686   77261
88754   77286
88864   77322
88980   77365
89089   77409
89225   77458
89355   77488
89458   77519
89398   77511
88843   77326
88006   77045
87358   76815
87119   76728
87171   76740
87364   76803
87610   76887
87866   76969
88107   77058
88384   77166
88621   77241
88757   77289
88789   77299
88750   77290
88695   77267
88688   77273
88740   77290
88837   77323
88946   77359
89036   77382
89124   77411
89205   77439
89305   77471
89422   77511
89440   77527
89026   77392
88273   77140
87617   76908
87313   76794
87295   76791
87442   76839
87655   76913
87884   76990
88132   77070
88382   77160
88583   77224
88704   77275
88748   77287
88729   77281
88681   77259
88660   77243
88703   77259
88797   77295
88909   77337
89016   77370
89120   77399
89226   77444
89363   77490
89500   77528
89552   77547
89232   77449
88486   77201
87743   76951
87339   76807
87270   76775
87384   76810
87576   76870
87789   76942
88008   77015
88238   77098
88455   77170
88612   77208
88694   77237
88701   77242
88660   77223
88606   77206
88382   77160
88661   77224
88704   77275
88748   77287
88898   77331
89023   77383
89144   77429
89275   77469
89405   77490
89461   77490
89198   77409
88497   77170
87723   76908
87267   76747
87172   76702
87287   76738
87490   76797
87723   76877
87979   76966
88219   77048
88456   77133
88608   77171
88652   77192
88621   77172
88579   77165
88569   77149
88586   77156
88625   77170
88712   77192
88828   77236
88951   77283
89078   77318
89184   77360
89292   77396
89384   77432
89274   77392
88671   77195
87846   76903
87272   76703
87097   76643
87190   76669
87410   76747
87669   76837
87914   76918
88157   76998
88380   77075
88549   77125
88628   77163
88636   77160
88592   77142
88536   77122
88521   77111
88551   77119
88649   77160
88779   77206
88919   77252
89058   77303
89191   77340
89308   77373
89372   77405
89069   77305
88308   77052
87543   76787
87156   76651
87157   76641
87343   76703
87587   76787
87846   76874
88092   76961
88308   77037
88522   77114
88678   77165
88741   77183
88715   77169
88654   77148
88605   77132
88633   77140
88703   77159
88807   77196
88922   77233
89060   77271
89181   77320
89303   77356
89424   77400
89457   77419
89086   77296
88309   77034
87568   76773
87196   76632
87159   76624
87321   76674
87543   76759
87795   76840
88025   76925
88254   76995
88473   77076
88640   77138
88726   77166
88716   77161
88673   77131
88638   77119
88659   77124
88725   77154
88835   77193
88947   77225
89069   77265
89188   77310
89321   77355
89457   77402
89467   77412
89074   77283
88350   77047
87713   76817
87380   76698
87364   76687
87531   76750
87766   76831
87967   76899
88142   76959
88335   77017
88520   77087
88663   77120
88704   77137
88678   77132
88651   77124
88661   77125
88721   77155
88822   77184
88925   77215
89041   77256
89166   77299
89286   77344
89413   77387
89539   77428
89615   77464
89349   77380
88671   77154
87940   76908
87499   76758
87397   76719
87488   76752
87660   76803
87856   76861
88036   76922
88229   76991
88423   77059
88583   77111
88645   77137
88639   77134
88622   77127
88626   77130
88659   77139
88729   77165
88822   77200
88951   77249
89080   77293
89192   77329
89288   77368
89378   77388
89444   77421
89243   77362
88598   77140
87839   76876
87298   76674
87108   76607
87189   76634
87382   76710
87597   76783
88671   77154
88105   76959
87499   76758
87397   76719
88474   77096
88509   77088
88475   77065
88424   77053
88380   77043
88364   77043
88405   77054
88458   77070
88529   77097
88589   77124
88663   77154
88764   77181
88859   77207
88943   77226
88961   77243
88635   77145
87871   76884
87086   76613
86664   76453
86596   76429
86737   76477
86944   76545
87178   76618
87395   76702
87621   76775
87843   76850
87997   76901
88049   76921
88026   76919
88006   76912
87988   76914
87998   76906
88057   76922
88174   76961
88301   77015
88423   77056
88537   77094
88668   77144
88806   77200
88888   77231
88613   77140
87874   76896
87111   76626
86692   76476
86616   76456
86731   76494
86943   76557
87185   76642
87403   76716
87599   76786
87790   76853
87952   76908
88054   76942
88073   76944
88027   76929
87994   76916
88006   76924
88075   76947
88180   76993
88316   77039
88448   77088
88571   77130
88680   77174
88827   77223
88924   77260
88737   77208
88073   76991
87298   76717
86781   76531
86620   76473
86710   76494
86904   76566
87100   76637
87285   76689
87486   76755
87734   76837
87938   76919
88065   76960
88101   76976
88099   76973
88097   76977
88113   76975
88154   76985
88245   77022
88356   77059
88464   77092
88569   77138
88694   77182
88794   77211
88879   77244
88800   77222
88290   77057
87577   76806
87033   76621
86794   76533
86854   76537
87032   76594
87262   76679
87485   76753
87676   76831
87880   76899
88078   76966
88203   77011
88249   77032
88230   77021
88215   77005
88219   77019
88251   77032
88323   77059
88419   77097
88525   77129
88599   77152
88671   77182
88733   77194
88773   77212
88828   77223
88613   77151
87949   76930
87164   76663
86654   76480
86480   76409
86579   76448
86788   76514
87018   76596
87232   76669
87473   76756
87706   76831
87882   76902
87949   76934
87927   76917
87862   76901
87832   76883
87851   76894
87901   76916
87949   76931
88042   76962
88164   77010
88295   77043
88401   77079
88522   77125
88642   77169
88671   77190
88278   77051
87522   76793
86837   76554
86499   76435
86462   76409
86591   76455
86778   76515
87022   76604
87241   76684
87468   76760
87664   76835
87804   76886
87838   76894
87819   76895
87771   76879
87757   76874
87802   76889
87903   76918
88046   76977
88185   77033
88308   77072
88449   77128
88599   77182
88748   77229
87949   76931
88825   77183
88554   76933
87800   76666
87036   76510
86590   76477
86524   76526
86675   76526
86912   76610
87146   76699
87336   76764
87522   76822
87741   76904
87913   76957
87991   76977
87969   76970
87877   76935
87703   76870
87556   76809
87455   76770
87484   76782
87592   76816
87743   76862
87893   76926
88039   76970
88184   77027
88320   77073
88145   77023
87524   76806
86819   76557
86384   76402
86281   76370
86387   76400
86551   76456
86758   76512
86958   76579
87175   76652
87400   76727
87590   76807
87699   76845
87740   76862
87703   76845
87656   76823
87664   76819
87721   76840
87811   76878
87900   76908
87999   76945
88117   76990
88239   77026
88346   77070
88428   77094
88434   77108
88057   76987
87338   76742
86676   76496
86323   76366
86274   76338
86417   76382
86612   76452
86811   76515
87028   76599
87275   76680
87519   76774
87717   76840
87807   76865
87805   76865
87771   76851
87756   76844
87774   76848
87810   76857
87842   76871
87895   76881
87968   76915
88052   76942
88146   76969
88239   76999
88311   77012
88293   77011
87844   76869
87075   76603
86439   76378
86138   76260
86129   76248
86281   76296
86504   76378
86738   76452
86963   76536
87157   76607
87330   76666
87443   76702
87476   76717
87446   76702
87374   76687
87362   76679
87388   76687
87446   76711
87532   76733
87625   76758
87723   76792
87852   76840
87979   76884
88096   76929
88203   76963
88266   76996
87952   76892
87196   76636
86472   76371
86075   76236
86024   76205
86149   76246
86352   76317
86589   76401
86805   76475
87037   76561
87281   76652
87462   76718
87506   76735
87472   76720
87431   76700
87415   76703
87463   76722
87539   76757
87625   76786
87733   76820
87853   76865
87993   76913
88107   76952
88202   76986
88283   77025
88115   76979
87483   76761
86765   76519
86305   76352
86193   76308
86280   76331
86477   76406
86696   76476
86880   76540
87087   76613
87349   76699
87584   76791
87724   76847
87738   76852
87689   76831
87622   76809
87595   76800
87629   76815
87707   76836
87799   76876
87927   76915
88059   76961
88199   77018
88334   77064
88453   77108
88459   77116
88040   76978
87262   76716
86567   76469
86183   76319
86130   76287
86267   76329
86478   76408
86678   76479
86852   76536
87047   76602
87261   76679
87434   76741
86477   76406
86696   76476
87548   76790
87565   76800
87585   76808
87608   76826
87677   76868
87787   76868
87926   76919
88064   76969
88172   77010
88265   77041
88368   77077
88477   77113
88343   77071
87744   76871
87029   76627
86539   76447
86387   76386
86465   76407
86621   76461
86829   76527
87056   76609
87304   76706
87546   76786
87713   76846
87803   76876
87825   76881
87796   76877
87748   76858
87747   76862
87772   76868
87826   76888
87907   76913
88001   76940
88103   76972
88242   77020
88382   77068
88509   77123
88521   77136
88114   77005
87390   76758
86752   76527
86397   76392
86304   76356
86397   76383
86586   76443
86809   76530
87027   76602
87232   76675
87407   76731
87526   76777
87564   76793
87527   76777
87492   76767
87470   76759
87500   76766
87550   76775
87637   76805
87726   76840
87817   76877
87898   76897
87988   76926
88075   76960
88174   76992
87998   76942
87373   76734
86622   76470
86121   76286
85968   76224
86060   76255
86249   76319
86474   76400
86666   76477
86860   76544
87091   76619
87270   76684
87348   76708
87332   76698
87282   76686
87220   76672
87202   76658
87246   76674
87323   76698
87440   76743
87556   76779
87681   76828
87774   76856
87841   76887
87931   76924
87946   76930
87530   76798
86778   76536
86167   76327
85861   76213
85847   76208
85973   76242
86145   76299
86344   76360
86547   76439
86763   76515
86977   76592
87137   76652
87195   76675
87193   76673
87152   76659
87121   76643
87148   76649
87219   76681
87336   76722
87452   76767
87569   76806
87677   76846
87786   76889
87900   76922
87886   76939
87452   76798
86764   76560
86227   76358
85984   76262
86015   76265
86164   76324
86366   76393
86555   76458
86742   76525
86943   76596
87128   76659
87253   76701
87302   76718
87304   76715
87294   76718
87283   76718
87317   76725
87394   76749
87499   76782
87594   76815
87678   76849
87781   76887
87884   76918
87989   76949
88056   76975
87807   76895
87127   76671
86410   76415
85947   76243
85800   76184
85862   76203
86034   76260
86229   76326
86431   76390
86632   76463
86855   76545
87054   76622
87201   76678
87261   76699
87242   76689
87198   76670
87179   76671
87214   76672
87293   76705
87379   76725
87474   76750
87561   76786
87654   76820
87736   76852
87813   76877
87726   76857
87198   76682
87678   76849
87781   76887
85906   76114
85651   76112
85660   76159
85811   76234
86003   76309
86197   76309
86401   76375
86620   76455
86796   76523
86882   76551
86890   76558
86856   76535
86805   76517
86803   76510
86851   76532
86931   76560
87035   76605
87145   76636
87251   76676
87361   76716
87492   76762
87610   76806
87708   76847
87495   76782
86797   76551
86043   76282
85574   76109
85445   76062
85507   76079
85666   76129
85834   76198
86004   76249
86183   76312
86428   76398
86631   76478
86746   76519
86764   76531
86730   76527
86707   76516
86728   76519
86784   76538
86880   76577
86980   76613
87073   76647
87154   76678
87255   76708
87364   76749
87431   76775
87194   76710
86554   76489
85882   76255
85473   76103
85351   76053
85425   76072
85608   76127
85807   76198
85987   76269
86180   76331
86387   76406
86563   76467
86658   76510
86694   76521
86683   76523
86677   76517
86697   76522
86761   76548
86872   76591
87004   76635
87131   76682
87273   76730
87407   76790
87543   76842
87649   76874
87612   76867
87127   76703
86375   76432
85752   76207
85443   76095