982
0
2613
2609
2723
2699
2627
2595
2655
2605
2489
2471
2407
2277
2505
2497
2629
2653
2589
2501
2591
2625
2521
2595
2619
2549
2583
2533
2399
2455
2480
2477
2535
2723
2583
2699
2693
2591
2733
2839
2683
2811
2763
2805
2747
3163
1415
0
2871
2775
2833
2761
2868
2881
2835
2819
2729
2711
2683
2693
2819
2907
2907
2963
2943
2931
2917
2901
2895
2884
2887
2881
2845
2855
2795
2837
2815
2765
2793
2795
2797
2771
2771
2859
2817
2865
2797
2769
2743
2768
2939
0
1853
2727
2873
2889
2847
2839
2807
2769
2727
2651
2601
2571
2639
2731
2819
2801
2805
2787
2769
2763
2775
2783
2795
2795
2799
2815
2757
2805
2817
2791
2795
2811
2789
2791
2800
2787
2835
2811
2907
2791
2819
2787
2915
2819
0
2452
2823
2967
2992
2975
2971
2937
2915
2873
2815
2759
2701
2791
2915
2965
2975
2975
2973
2957
2949
2951
2943
2951
2960
2959
2957
2967
2951
2929
2943
2941
2963
2927
2911
2944
2929
2933
2967
3011
3008
2933
2911
2907
3392
132
1122
2968
3157
3171
3165
3139
3113
3077
3009
2927
2861
2819
2875
3024
3093
3111
3075
3011
3037
3104
3099
3072
3119
3105
3087
3099
3095
3091
3083
3027
3057
3051
3047
3047
3047
3059
3131
3091
3137
3091
3047
3029
3056
3313
0
1799
3049
3181
3195
3189
3179
3101
3107
3047
2993
2865
2895
2991
3111
3125
3179
3163
3151
3125
3115
3115
3107
3055
3095
3117
3103
3103
3105
3099
3085
3093
3111
3101
3089
3093
3089
3075
3129
3089
3187
3125
3107
3079
3161
3155
0
2663
3113
3211
3265
3239
3233
3221
3169
3137
3083
3015
2989
3063
3216
3257
3231
3251
3229
3220
3216
3219
3223
3225
3231
3219
3231
3245
3219
3199
3211
3211
3217
3175
3191
3195
3205
3171
3187
3240
3175
3265
3199
3133
3147
3467
2391
0
3348
3243
3301
3291
3285
3273
3223
3207
3136
3107
3063
3052
3147
3253
3295
3295
3291
3283
3255
3231
3239
3223
3199
3229
3221
3233
3247
3223
3217
3231
3221
3183
3225
3211
3164
3197
3139
3207
3245
3191
3271
3209
3161
3151
3347
2801
0
3095
3191
3303
3317
3319
3253
3255
3218
3167
3112
3039
3035
3136
3243
3295
3291
3279
3251
3231
3217
3217
3227
3225
3231
3227
3207
3219
3207
3205
3191
3191
3195
3197
3175
3159
3167
3151
3159
3201
3143
3225
3167
3127
3103
3410
2479
0
3291
3203
3287
3312
3293
3264
3231
3187
3121
3047
2963
2963
3075
3171
3231
3231
3227
3215
3227
3208
3209
3211
3197
3195
3211
3179
3177
3171
3167
3177
3181
3171
3185
3175
3167
3163
3131
3163
3217
3197
3221
3275
3195
3159
3139
3543
803
351
3277
3271
3315
3313
3268
3251
3237
3137
3107
3027
2993
3031
3133
3253
3281
3259
3255
3239
3235
3207
3219
3201
3227
3201
3195
3227
3191
3189
3179
3119
3143
3161
3127
3136
3113
3107
3137
3157
3163
3205
3119
3079
3055
3473
689
355
3231
3187
3223
3229
3219
3185
3143
3103
3009
2927
2891
2947
3103
3183
3207
3216
3189
3159
3143
3149
3139
3136
3143
3123
3139
3095
3129
3127
3101
3089
3081
3081
3047
3047
3039
2987
3029
3063
3003
3075
3029
3015
2973
3184
2613
0
3021
2997
3131
3139
3103
3091
3049
2995
2951
2867
2815
2807
2909
3039
3103
3105
3129
3123
3101
3023
3081
3059
3060
3059
3039
3027
3059
3039
3039
3039
3025
3031
3003
3009
2992
3009
2955
2997
3019
2965
3033
2957
2941
2904
3312
1461
0
3207
3013
3035
3067
3035
2999
2973
2921
2849
2791
2731
2763
2907
2945
3017
3013
3025
2969
2971
2932
2951
2943
2925
2960
2935
2943
2931
2911
2911
2907
2897
2893
2871
2867
2859
2841
2815
2805
2837
2797
2881
2831
2795
2773
2791
3053
0
1901
2781
2903
2939
2883
2911
2864
2819
2767
2647
2609
2571
2645
2795
2884
2893
2891
2853
2837
2836
2843
2851
2839
2845
2855
2839
2865
2825
2820
2827
2811
2807
2801
2803
2787
2791
2783
2775
2817
2791
2835
2820
2740
2743
2719
3159
0
1193
2719
2767
2863
2835
2821
2821
2753
2657
2561
2435
2441
2509
2640
2763
2787
2740
2755
2737
2727
2709
2731
2715
2695
2663
2687
2669
2659
2655
2643
2631
2625
2609
2599
2597
2619
2591
2647
2587
2503
2501
2959
1119
0
2769
2573
2647
2599
2608
2579
2527
2477
2384
2319
2240
2266
2427
2527
2559
2535
2527
2521
2497
2485
2463
2463
2487
2483
2479
2459
2465
2459
2455
2443
2387
2439
2419
2399
2379
2373
2423
2389
2453
2429
2387
2355
2903
243
345
2459
2517
2551
2551
2551
2531
2481
2441
2373
2303
2241
2271
2399
2469
2497
2479
2491
2471
2459
2453
2423
2397
2448
2425
2415
2413
2391
2351
2359
2369
2359
2355
2349
2357
2363
2343
2387
2341
2415
2385
2327
2304
2423
2223
0
2501
2297
2451
2431
2479
2463
2447
2419
2399
2352
2303
2263
2331
2403
2485
2503
2491
2475
2472
2461
2469
2459
2449
2461
2455
2431
2429
2415
2399
2399
2377
2359
2355
2351
2315
2311
2285
2311
2251
2293
2261
2219
2151
2507
1013
0
2360
2149
2223
2201
2171
2139
2079
2043
2007
1879
1860
1841
1949
2029
2043
2083
2039
2007
2031
2013
2023
2005
1987
1948
1933
1943
1893
1887
1907
1879
1879
1856
1833
1769
1655
1691
1819
1883
1839
1759
1819
2033
0
448
1831
1911
1909
1868
1871
1801
1769
1727
1671
1581
1555
1627
1719
1773
1785
1779
1749
1771
1759
1755
1769
1769
1767
1765
1759
1741
1743
1767
1755
1749
1759
1759
1667
1623
1737
1815
1823
1805
1785
2163
745
0
2155
1887
1961
1957
1944
1915
1875
1797
1787
1731
1691
1651
1755
1825
1843
1823
1875
1793
1831
1829
1833
1781
1827
1759
1811
1795
1813
1773
1773
1759
1735
1772
1745
1652
1616
1729
1795
1831
1811
1809
2101
1027
0
2163
1843
1947
1935
1856
1879
1831
1779
1723
1647
1607
1575
1687
1777
1819
1807
1777
1757
1769
1692
1731
1707
1717
1729
1711
1681
1695
1683
1677
1675
1703
1689
1623
1549
1549
1703
1707
1667
1652
1669
1797
0
801
1661
1765
1781
1759
1745
1711
1671
1619
1489
1463
1452
1512
1635
1677
1673
1683
1649
1637
1615
1627
1617
1597
1611
1601
1587
1603
1587
1583
1563
1551
1559
1532
1467
1345
1461
1568
1535
1565
1555
1663
1405
0
1705
1557
1693
1676
1669
1600
1579
1539
1485
1351
1301
1315
1431
1527
1579
1579
1561
1547
1512
1501
1495
1495
1495
1489
1493
1523
1511
1483
1493
1491
1499
1479
1479
1463
1319
1317
1421
1511
1479
1473
1463
1915
0
0
1573
1600
1625
1643
1543
1579
1501
1463
1379
1287
1247
1296
1427
1537
1549
1541
1511
1503
1499
1465
1492
1471
1477
1473
1459
1477
1415
1429
1419
1409
1401
1389
1371
1315
1239
1285
1399
1437
1411
1383
1501
1333
0
1469
1331
1495
1491
1481
1399
1387
1335
1263
1185
1139
1103
1233
1391
1409
1451
1431
1381
1393
1325
1393
1367
1355
1363
1361
1363
1361
1341
1335
1347
1347
1333
1319
1319
1297
1180
1124
1223
1309
1371
1357
1333
1641
443
0
1627
1365
1459
1429
1383
1401
1345
1311
1231
1157
1089
1075
1231
1335
1395
1379
1317
1344
1307
1311
1296
1291
1285
1251
1297
1261
1315
1293
1287
1263
1307
1287
1273
1271
1287
1279
1141
1091
1167
1295
1297
1283
1271
1605
269
0
1568
1387
1423
1445
1415
1393
1353
1291
1233
1183
1113
1107
1219
1309
1335
1325
1317
1307
1308
1297
1311
1311
1331
1335
1325
1329
1339
1311
1315
1289
1291
1291
1283
1245
1275
1283
1247
1123
1163
1277
1339
1315
1295
1311
1751
0
389
1261
1415
1425
1428
1416
1393
1344
1289
1211
1143
1075
1153
1263
1317
1339
1355
1328
1315
1301
1303
1305
1329
1317
1339
1333
1337
1355
1315
1315
1331
1271
1305
1295
1291
1281
1296
1257
1143
1199
1301
1341
1309
1327
1259
1685
0
753
1201
1395
1397
1399
1359
1375
1297
1267
1225
1141
1049
1043
1163
1191
1237
1245
1229
1204
1217
1199
1197
1225
1193
1223
1217
1229
1237
1223
1233
1211
1227
1187
1217
1187
1137
1071
1143
1237
1251
1235
1221
1349
981
0
1375
1043
1405
1207
1449
1459
1159
1217
1149
1088
991
873
851
1041
1113
1067
983
971
1003
1024
991
1063
997
1016
951
969
1005
1177
949
1019
1117
1113
1139
1225
1379
1211
1061
1275
1315
1424
1251
1189
1511
1017
0
1703
1415
1427
1501
1519
1563
1375
1411
1351
1195
1083
1219
1171
1289
1200
1469
1296
1307
1303
1277
1311
1355
1343
1311
1331
1363
1137
1291
1307
1173
1165
1201
1257
1235
1179
1181
1251
1047
1235
1199
1235
1121
1435
775
0
1541
