2114
2113
2043
1967
1891
1875
1851
1715
1677
1865
1881
1969
1965
1899
1953
1984
1939
1955
1899
1937
1833
1965
1917
1787
1939
1801
1753
1887
1865
1861
1859
1839
1849
1819
1737
1753
1745
1843
1723
1803
1699
1711
1877
0
1463
1723
1813
1937
1785
1843
1759
1759
1667
1537
1593
1411
1513
1635
1631
1753
1779
1769
1640
1625
1657
1569
1567
1635
1603
1573
1531
1645
1485
1597
1496
1581
1635
1523
1481
1552
1493
1627
1569
1481
1593
1576
1409
1468
1395
1981
0
462
1441
1579
1473
1495
1567
1585
1465
1339
1375
1165
1069
1219
1305
1331
1389
1389
1289
1416
1427
1387
1311
1297
1307
1433
1313
1255
1377
1259
1337
1257
1216
1411
1189
1243
1193
1219
1287
1149
1264
1279
1205
1281
1211
1083
1197
1531
0
549
1091
1241
1291
1289
1225
1279
1099
1001
1055
989
851
907
1163
1157
1161
1169
1041
1067
1143
1035
1091
1177
1107
1115
1029
1053
1067
1041
1033
985
1009
1035
927
887
951
963
985
923
1059
1075
913
1017
1073
1027
919
1345
301
0
1304
979
991
1091
875
958
1000
712
751
753
749
673
699
941
895
979
907
867
787
875
833
823
704
889
961
933
835
855
871
784
843
787
915
827
648
841
889
667
687
845
783
725
731
749
793
761
1067
0
0
907
675
983
691
885
809
680
664
673
605
475
479
664
767
651
713
719
713
697
685
699
741
648
598
631
561
619
653
615
674
613
593
573
619
621
699
673
607
619
665
755
619
654
649
617
581
729
443
0
937
656
729
757
761
773
659
539
565
528
430
379
563
611
727
759
733
745
651
657
621
667
641
646
629
600
629
587
697
625
666
657
673
741
681
681
641
713
767
685
799
673
667
611
747
346
0
903
603
725
709
779
685
640
597
480
427
371
309
437
547
565
621
581
512
515
513
512
497
486
488
488
453
449
469
427
413
411
393
355
373
353
337
296
373
389
315
415
353
309
271
681
0
0
563
375
461
449
441
426
403
312
234
193
137
106
245
387
413
411
413
396
377
361
407
357
384
395
407
383
397
439
413
389
373
352
382
359
362
345
361
336
402
316
463
329
393
315
451
168
0
549
289
462
489
438
445
372
341
305
265
211
192
257
416
515
501
503
472
488
449
465
427
455
440
416
435
523
507
472
481
469
425
441
451
424
450
431
479
468
486
507
457
449
443
817
0
0
455
587
625
607
571
561
505
445
390
334
309
371
513
627
667
662
633
627
619
581
579
545
579
585
545
613
584
579
585
613
609
610
627
627
603
609
582
639
584
639
641
579
579
577
1053
0
0
593
713
767
731
717
627
683
643
601
512
463
527
680
755
832
815
803
793
792
777
751
759
789
759
771
776
803
797
787
808
777
801
793
825
795
811
808
903
821
851
869
800
776
747
1257
0
0
853
960
1011
999
975
955
956
841
801
755
701
705
896
987
1019
1019
995
1003
971
973
1003
1001
1017
1017
997
1021
1005
1025
987
1040
1009
1017
1017
1027
995
969
991
979
1049
1033
1103
1057
1041
995
1049
1239
0
687
1005
1211
1211
1203
1168
1185
1129
1065
1043
997
955
1009
1161
1247
1279
1275
1257
1263
1269
1275
1281
1317
1341
1305
1320
1315
1313
1305
1320
1323
1329
1331
1349
1323
1345
1345
1345
1395
1379
1455
1419
1371
1331
1363
1697
0
362
1369
1529
1553
1547
1545
1531
1511
1469
1387
1297
1304
1369
1513
1584
1625
1619
1611
1581
1587
1592
1601
1619
1579
1603
1617
1595
1609
1593
1601
1571
1585
1635
1587
1615
1601
1611
1588
1685
1715
1648
1747
1693
1673
1616
2083
225
0
1739
1768
1825
1835
1803
1763
1737
1767
1687
1675
1615
1617
1747
1859
1891
1929
1899
1931
1947
1897
1919
1912
1889
1951
1931
1963
1951
1971
1963
1971
1961
1965
1967
1955
1947
1945
1971
2079
2013
2129
2027
2043
1995
2409
193
0
2128
2121
2171
2187
2185
2233
2131
2155
2083
2041
1947
2009
2145
2257
2303
2265
2289
2225
2240
2240
2265
2233
2249
2265
2305
2307
2299
2305
2337
2313
2307
2305
2291
2309
2271
2299
2301
2303
2347
2369
2315
2345
2313
2809
0
573
2313
2523
2529
2523
2499
2497
2457
2403
2381
2329
2233
2313
2457
2537
2561
2591
2521
2525
2513
2543
2531
2569
2521
2571
2569
2603
2576
2579
2569
2595
2579
2569
2521
2617
2601
2577
2671
2571
2587
2545
2987
827
0
2635
2713
2745
2761
2739
2729
2689
2569
2585
2521
2473
2489
2629
2745
2771
2760
2776
2761
2745
2767
2763
2761
2761
2795
2707
2777
2793
2789
2776
2745
2763
2745
2673
2733
2783
2835
2835
2815
2777
3121
1987
0
2905
2889
2987
2997
2971
2971
2921
2913
2864
2779
2715
2719
2825
2937
2947
2963
3001
2985
2989
2969
3001
3033
2995
3017
3001
3043
3017
3017
2985
3016
3008
2985
2992
2891
2929
3009
3096
3039
3075
3049
3441
1355
146
3153
3189
3195
3257
3241
3185
3167
3133
3113
3013
2977
2931
3073
3171
3177
3193
3163
3169
3177
3153
3161
3187
3217
3225
3243
3227
3243
3235
3277
3241
3272
3209
3241
3193
3219
3227
3291
3323
3313
3275
3275
3561
73
1707
3312
3441
3459
3433
3393
3387
3355
3321
3219
3209
3137
3241
3347
3419
3435
3417
3377
3401
3401
3384
3408
3403
3409
3433
3411
3433
3445
3449
3419
3433
3401
3347
3281
3337
3459
3481
3481
3435
3547
3419
0
2753
3457
3611
3615
3603
3577
3529
3507
3417
3385
3323
3281
3403
3481
3555
3563
3577
3547
3547
3537
3529
3557
3545
3549
3563
3547
3531
3549
3499
3507
3497
3521
3539
3539
3497
3425
3475
3547
3563
3577
3536
3531
3851
601
1775
3547
3711
3739
3689
3689
3664
3611
3581
3523
3419
3385
3409
3568
3609
3633
3625
3625
3651
3627
3659
3649
3651
3659
3675
3691
3657
3649
3689
3649
3633
3593
3649
3632
3593
3611
3691
3603
3699
3625
3633
3577
3769
3205
0
3337
3608
3753
3755
3739
3721
3691
3707
3635
3573
3523
3531
3579
3699
3769
3779
3743
3761
3699
3723
3743
3753
3737
3731
3729
3739
3721
3691
3707
3675
3713
3689
3705
3673
3677
3753
3691
3777
3743
3704
3679
3683
3897
226
2257
3667
3839
3833
3803
3803
3753
3769
3673
3633
3579
3521
3579
3755
3793
3793
3795
3791
3769
3753
3769
3769
3777
3801
3777
3811
3761
3777
3805
3777
3761
3739
3747
3753
3707
3739
3705
3761
3705
3857
3739
3669
3881
3347
0
3593
3743
3871
3851
3947
3819
3705
3763
3611
3499
3587
3593
3705
3769
3781
3739
3739
3689
3617
3827
3851
3721
3656
3673
3683
3688
3743
3743
3627
3993
1147
3773
3807
3913
3819
3707
3569
3561
3679
3545
3657
3819
3861
3881
3755
3785
3777
3785
3785
3931
3741
3803
3867
3793
3697
3963
3689
3779
3777
3697
3699
3907
3905
3777
3761
3707
3825
3803
0
2443
3819
3803
3899
3915
3715
3720
3817
3475
3513
3723
3803
3737
3849
3825
3851
3841
3961
3839
3665
3785
3913
3849
3755
3769
3839
3753
3689
3707
3651
3871
3664
3723
3577
3715
3689
3867
3743
3833
3675
3753
3931
0
2513
3769
3875
3659
3933
3743
3769
3715
3649
3667
3507
3593
3531
3681
3907
3737
3841
3769
3819
3707
3721
3875
3881
3777
3675
3675
3771
3755
3769
3859
3723
3761
3723
3753
